# Dimentions are for number of points NOT CUBES
# width 20
# height 20
# depth 20
0 0 0 275
0 0 1 256
0 0 2 239
0 0 3 224
0 0 4 211
0 0 5 200
0 0 6 191
0 0 7 184
0 0 8 179
0 0 9 176
0 0 10 175
0 0 11 176
0 0 12 179
0 0 13 184
0 0 14 191
0 0 15 200
0 0 16 211
0 0 17 224
0 0 18 239
0 0 19 256
0 1 0 256
0 1 1 237
0 1 2 220
0 1 3 205
0 1 4 192
0 1 5 181
0 1 6 172
0 1 7 165
0 1 8 160
0 1 9 157
0 1 10 156
0 1 11 157
0 1 12 160
0 1 13 165
0 1 14 172
0 1 15 181
0 1 16 192
0 1 17 205
0 1 18 220
0 1 19 237
0 2 0 239
0 2 1 220
0 2 2 203
0 2 3 188
0 2 4 175
0 2 5 164
0 2 6 155
0 2 7 148
0 2 8 143
0 2 9 140
0 2 10 139
0 2 11 140
0 2 12 143
0 2 13 148
0 2 14 155
0 2 15 164
0 2 16 175
0 2 17 188
0 2 18 203
0 2 19 220
0 3 0 224
0 3 1 205
0 3 2 188
0 3 3 173
0 3 4 160
0 3 5 149
0 3 6 140
0 3 7 133
0 3 8 128
0 3 9 125
0 3 10 124
0 3 11 125
0 3 12 128
0 3 13 133
0 3 14 140
0 3 15 149
0 3 16 160
0 3 17 173
0 3 18 188
0 3 19 205
0 4 0 211
0 4 1 192
0 4 2 175
0 4 3 160
0 4 4 147
0 4 5 136
0 4 6 127
0 4 7 120
0 4 8 115
0 4 9 112
0 4 10 111
0 4 11 112
0 4 12 115
0 4 13 120
0 4 14 127
0 4 15 136
0 4 16 147
0 4 17 160
0 4 18 175
0 4 19 192
0 5 0 200
0 5 1 181
0 5 2 164
0 5 3 149
0 5 4 136
0 5 5 125
0 5 6 116
0 5 7 109
0 5 8 104
0 5 9 101
0 5 10 100
0 5 11 101
0 5 12 104
0 5 13 109
0 5 14 116
0 5 15 125
0 5 16 136
0 5 17 149
0 5 18 164
0 5 19 181
0 6 0 191
0 6 1 172
0 6 2 155
0 6 3 140
0 6 4 127
0 6 5 116
0 6 6 107
0 6 7 100
0 6 8 95
0 6 9 92
0 6 10 91
0 6 11 92
0 6 12 95
0 6 13 100
0 6 14 107
0 6 15 116
0 6 16 127
0 6 17 140
0 6 18 155
0 6 19 172
0 7 0 184
0 7 1 165
0 7 2 148
0 7 3 133
0 7 4 120
0 7 5 109
0 7 6 100
0 7 7 93
0 7 8 88
0 7 9 85
0 7 10 84
0 7 11 85
0 7 12 88
0 7 13 93
0 7 14 100
0 7 15 109
0 7 16 120
0 7 17 133
0 7 18 148
0 7 19 165
0 8 0 179
0 8 1 160
0 8 2 143
0 8 3 128
0 8 4 115
0 8 5 104
0 8 6 95
0 8 7 88
0 8 8 83
0 8 9 80
0 8 10 79
0 8 11 80
0 8 12 83
0 8 13 88
0 8 14 95
0 8 15 104
0 8 16 115
0 8 17 128
0 8 18 143
0 8 19 160
0 9 0 176
0 9 1 157
0 9 2 140
0 9 3 125
0 9 4 112
0 9 5 101
0 9 6 92
0 9 7 85
0 9 8 80
0 9 9 77
0 9 10 76
0 9 11 77
0 9 12 80
0 9 13 85
0 9 14 92
0 9 15 101
0 9 16 112
0 9 17 125
0 9 18 140
0 9 19 157
0 10 0 175
0 10 1 156
0 10 2 139
0 10 3 124
0 10 4 111
0 10 5 100
0 10 6 91
0 10 7 84
0 10 8 79
0 10 9 76
0 10 10 75
0 10 11 76
0 10 12 79
0 10 13 84
0 10 14 91
0 10 15 100
0 10 16 111
0 10 17 124
0 10 18 139
0 10 19 156
0 11 0 176
0 11 1 157
0 11 2 140
0 11 3 125
0 11 4 112
0 11 5 101
0 11 6 92
0 11 7 85
0 11 8 80
0 11 9 77
0 11 10 76
0 11 11 77
0 11 12 80
0 11 13 85
0 11 14 92
0 11 15 101
0 11 16 112
0 11 17 125
0 11 18 140
0 11 19 157
0 12 0 179
0 12 1 160
0 12 2 143
0 12 3 128
0 12 4 115
0 12 5 104
0 12 6 95
0 12 7 88
0 12 8 83
0 12 9 80
0 12 10 79
0 12 11 80
0 12 12 83
0 12 13 88
0 12 14 95
0 12 15 104
0 12 16 115
0 12 17 128
0 12 18 143
0 12 19 160
0 13 0 184
0 13 1 165
0 13 2 148
0 13 3 133
0 13 4 120
0 13 5 109
0 13 6 100
0 13 7 93
0 13 8 88
0 13 9 85
0 13 10 84
0 13 11 85
0 13 12 88
0 13 13 93
0 13 14 100
0 13 15 109
0 13 16 120
0 13 17 133
0 13 18 148
0 13 19 165
0 14 0 191
0 14 1 172
0 14 2 155
0 14 3 140
0 14 4 127
0 14 5 116
0 14 6 107
0 14 7 100
0 14 8 95
0 14 9 92
0 14 10 91
0 14 11 92
0 14 12 95
0 14 13 100
0 14 14 107
0 14 15 116
0 14 16 127
0 14 17 140
0 14 18 155
0 14 19 172
0 15 0 200
0 15 1 181
0 15 2 164
0 15 3 149
0 15 4 136
0 15 5 125
0 15 6 116
0 15 7 109
0 15 8 104
0 15 9 101
0 15 10 100
0 15 11 101
0 15 12 104
0 15 13 109
0 15 14 116
0 15 15 125
0 15 16 136
0 15 17 149
0 15 18 164
0 15 19 181
0 16 0 211
0 16 1 192
0 16 2 175
0 16 3 160
0 16 4 147
0 16 5 136
0 16 6 127
0 16 7 120
0 16 8 115
0 16 9 112
0 16 10 111
0 16 11 112
0 16 12 115
0 16 13 120
0 16 14 127
0 16 15 136
0 16 16 147
0 16 17 160
0 16 18 175
0 16 19 192
0 17 0 224
0 17 1 205
0 17 2 188
0 17 3 173
0 17 4 160
0 17 5 149
0 17 6 140
0 17 7 133
0 17 8 128
0 17 9 125
0 17 10 124
0 17 11 125
0 17 12 128
0 17 13 133
0 17 14 140
0 17 15 149
0 17 16 160
0 17 17 173
0 17 18 188
0 17 19 205
0 18 0 239
0 18 1 220
0 18 2 203
0 18 3 188
0 18 4 175
0 18 5 164
0 18 6 155
0 18 7 148
0 18 8 143
0 18 9 140
0 18 10 139
0 18 11 140
0 18 12 143
0 18 13 148
0 18 14 155
0 18 15 164
0 18 16 175
0 18 17 188
0 18 18 203
0 18 19 220
0 19 0 256
0 19 1 237
0 19 2 220
0 19 3 205
0 19 4 192
0 19 5 181
0 19 6 172
0 19 7 165
0 19 8 160
0 19 9 157
0 19 10 156
0 19 11 157
0 19 12 160
0 19 13 165
0 19 14 172
0 19 15 181
0 19 16 192
0 19 17 205
0 19 18 220
0 19 19 237
1 0 0 256
1 0 1 237
1 0 2 220
1 0 3 205
1 0 4 192
1 0 5 181
1 0 6 172
1 0 7 165
1 0 8 160
1 0 9 157
1 0 10 156
1 0 11 157
1 0 12 160
1 0 13 165
1 0 14 172
1 0 15 181
1 0 16 192
1 0 17 205
1 0 18 220
1 0 19 237
1 1 0 237
1 1 1 218
1 1 2 201
1 1 3 186
1 1 4 173
1 1 5 162
1 1 6 153
1 1 7 146
1 1 8 141
1 1 9 138
1 1 10 137
1 1 11 138
1 1 12 141
1 1 13 146
1 1 14 153
1 1 15 162
1 1 16 173
1 1 17 186
1 1 18 201
1 1 19 218
1 2 0 220
1 2 1 201
1 2 2 184
1 2 3 169
1 2 4 156
1 2 5 145
1 2 6 136
1 2 7 129
1 2 8 124
1 2 9 121
1 2 10 120
1 2 11 121
1 2 12 124
1 2 13 129
1 2 14 136
1 2 15 145
1 2 16 156
1 2 17 169
1 2 18 184
1 2 19 201
1 3 0 205
1 3 1 186
1 3 2 169
1 3 3 154
1 3 4 141
1 3 5 130
1 3 6 121
1 3 7 114
1 3 8 109
1 3 9 106
1 3 10 105
1 3 11 106
1 3 12 109
1 3 13 114
1 3 14 121
1 3 15 130
1 3 16 141
1 3 17 154
1 3 18 169
1 3 19 186
1 4 0 192
1 4 1 173
1 4 2 156
1 4 3 141
1 4 4 128
1 4 5 117
1 4 6 108
1 4 7 101
1 4 8 96
1 4 9 93
1 4 10 92
1 4 11 93
1 4 12 96
1 4 13 101
1 4 14 108
1 4 15 117
1 4 16 128
1 4 17 141
1 4 18 156
1 4 19 173
1 5 0 181
1 5 1 162
1 5 2 145
1 5 3 130
1 5 4 117
1 5 5 106
1 5 6 97
1 5 7 90
1 5 8 85
1 5 9 82
1 5 10 81
1 5 11 82
1 5 12 85
1 5 13 90
1 5 14 97
1 5 15 106
1 5 16 117
1 5 17 130
1 5 18 145
1 5 19 162
1 6 0 172
1 6 1 153
1 6 2 136
1 6 3 121
1 6 4 108
1 6 5 97
1 6 6 88
1 6 7 81
1 6 8 76
1 6 9 73
1 6 10 72
1 6 11 73
1 6 12 76
1 6 13 81
1 6 14 88
1 6 15 97
1 6 16 108
1 6 17 121
1 6 18 136
1 6 19 153
1 7 0 165
1 7 1 146
1 7 2 129
1 7 3 114
1 7 4 101
1 7 5 90
1 7 6 81
1 7 7 74
1 7 8 69
1 7 9 66
1 7 10 65
1 7 11 66
1 7 12 69
1 7 13 74
1 7 14 81
1 7 15 90
1 7 16 101
1 7 17 114
1 7 18 129
1 7 19 146
1 8 0 160
1 8 1 141
1 8 2 124
1 8 3 109
1 8 4 96
1 8 5 85
1 8 6 76
1 8 7 69
1 8 8 64
1 8 9 61
1 8 10 60
1 8 11 61
1 8 12 64
1 8 13 69
1 8 14 76
1 8 15 85
1 8 16 96
1 8 17 109
1 8 18 124
1 8 19 141
1 9 0 157
1 9 1 138
1 9 2 121
1 9 3 106
1 9 4 93
1 9 5 82
1 9 6 73
1 9 7 66
1 9 8 61
1 9 9 58
1 9 10 57
1 9 11 58
1 9 12 61
1 9 13 66
1 9 14 73
1 9 15 82
1 9 16 93
1 9 17 106
1 9 18 121
1 9 19 138
1 10 0 156
1 10 1 137
1 10 2 120
1 10 3 105
1 10 4 92
1 10 5 81
1 10 6 72
1 10 7 65
1 10 8 60
1 10 9 57
1 10 10 56
1 10 11 57
1 10 12 60
1 10 13 65
1 10 14 72
1 10 15 81
1 10 16 92
1 10 17 105
1 10 18 120
1 10 19 137
1 11 0 157
1 11 1 138
1 11 2 121
1 11 3 106
1 11 4 93
1 11 5 82
1 11 6 73
1 11 7 66
1 11 8 61
1 11 9 58
1 11 10 57
1 11 11 58
1 11 12 61
1 11 13 66
1 11 14 73
1 11 15 82
1 11 16 93
1 11 17 106
1 11 18 121
1 11 19 138
1 12 0 160
1 12 1 141
1 12 2 124
1 12 3 109
1 12 4 96
1 12 5 85
1 12 6 76
1 12 7 69
1 12 8 64
1 12 9 61
1 12 10 60
1 12 11 61
1 12 12 64
1 12 13 69
1 12 14 76
1 12 15 85
1 12 16 96
1 12 17 109
1 12 18 124
1 12 19 141
1 13 0 165
1 13 1 146
1 13 2 129
1 13 3 114
1 13 4 101
1 13 5 90
1 13 6 81
1 13 7 74
1 13 8 69
1 13 9 66
1 13 10 65
1 13 11 66
1 13 12 69
1 13 13 74
1 13 14 81
1 13 15 90
1 13 16 101
1 13 17 114
1 13 18 129
1 13 19 146
1 14 0 172
1 14 1 153
1 14 2 136
1 14 3 121
1 14 4 108
1 14 5 97
1 14 6 88
1 14 7 81
1 14 8 76
1 14 9 73
1 14 10 72
1 14 11 73
1 14 12 76
1 14 13 81
1 14 14 88
1 14 15 97
1 14 16 108
1 14 17 121
1 14 18 136
1 14 19 153
1 15 0 181
1 15 1 162
1 15 2 145
1 15 3 130
1 15 4 117
1 15 5 106
1 15 6 97
1 15 7 90
1 15 8 85
1 15 9 82
1 15 10 81
1 15 11 82
1 15 12 85
1 15 13 90
1 15 14 97
1 15 15 106
1 15 16 117
1 15 17 130
1 15 18 145
1 15 19 162
1 16 0 192
1 16 1 173
1 16 2 156
1 16 3 141
1 16 4 128
1 16 5 117
1 16 6 108
1 16 7 101
1 16 8 96
1 16 9 93
1 16 10 92
1 16 11 93
1 16 12 96
1 16 13 101
1 16 14 108
1 16 15 117
1 16 16 128
1 16 17 141
1 16 18 156
1 16 19 173
1 17 0 205
1 17 1 186
1 17 2 169
1 17 3 154
1 17 4 141
1 17 5 130
1 17 6 121
1 17 7 114
1 17 8 109
1 17 9 106
1 17 10 105
1 17 11 106
1 17 12 109
1 17 13 114
1 17 14 121
1 17 15 130
1 17 16 141
1 17 17 154
1 17 18 169
1 17 19 186
1 18 0 220
1 18 1 201
1 18 2 184
1 18 3 169
1 18 4 156
1 18 5 145
1 18 6 136
1 18 7 129
1 18 8 124
1 18 9 121
1 18 10 120
1 18 11 121
1 18 12 124
1 18 13 129
1 18 14 136
1 18 15 145
1 18 16 156
1 18 17 169
1 18 18 184
1 18 19 201
1 19 0 237
1 19 1 218
1 19 2 201
1 19 3 186
1 19 4 173
1 19 5 162
1 19 6 153
1 19 7 146
1 19 8 141
1 19 9 138
1 19 10 137
1 19 11 138
1 19 12 141
1 19 13 146
1 19 14 153
1 19 15 162
1 19 16 173
1 19 17 186
1 19 18 201
1 19 19 218
2 0 0 239
2 0 1 220
2 0 2 203
2 0 3 188
2 0 4 175
2 0 5 164
2 0 6 155
2 0 7 148
2 0 8 143
2 0 9 140
2 0 10 139
2 0 11 140
2 0 12 143
2 0 13 148
2 0 14 155
2 0 15 164
2 0 16 175
2 0 17 188
2 0 18 203
2 0 19 220
2 1 0 220
2 1 1 201
2 1 2 184
2 1 3 169
2 1 4 156
2 1 5 145
2 1 6 136
2 1 7 129
2 1 8 124
2 1 9 121
2 1 10 120
2 1 11 121
2 1 12 124
2 1 13 129
2 1 14 136
2 1 15 145
2 1 16 156
2 1 17 169
2 1 18 184
2 1 19 201
2 2 0 203
2 2 1 184
2 2 2 167
2 2 3 152
2 2 4 139
2 2 5 128
2 2 6 119
2 2 7 112
2 2 8 107
2 2 9 104
2 2 10 103
2 2 11 104
2 2 12 107
2 2 13 112
2 2 14 119
2 2 15 128
2 2 16 139
2 2 17 152
2 2 18 167
2 2 19 184
2 3 0 188
2 3 1 169
2 3 2 152
2 3 3 137
2 3 4 124
2 3 5 113
2 3 6 104
2 3 7 97
2 3 8 92
2 3 9 89
2 3 10 88
2 3 11 89
2 3 12 92
2 3 13 97
2 3 14 104
2 3 15 113
2 3 16 124
2 3 17 137
2 3 18 152
2 3 19 169
2 4 0 175
2 4 1 156
2 4 2 139
2 4 3 124
2 4 4 111
2 4 5 100
2 4 6 91
2 4 7 84
2 4 8 79
2 4 9 76
2 4 10 75
2 4 11 76
2 4 12 79
2 4 13 84
2 4 14 91
2 4 15 100
2 4 16 111
2 4 17 124
2 4 18 139
2 4 19 156
2 5 0 164
2 5 1 145
2 5 2 128
2 5 3 113
2 5 4 100
2 5 5 89
2 5 6 80
2 5 7 73
2 5 8 68
2 5 9 65
2 5 10 64
2 5 11 65
2 5 12 68
2 5 13 73
2 5 14 80
2 5 15 89
2 5 16 100
2 5 17 113
2 5 18 128
2 5 19 145
2 6 0 155
2 6 1 136
2 6 2 119
2 6 3 104
2 6 4 91
2 6 5 80
2 6 6 71
2 6 7 64
2 6 8 59
2 6 9 56
2 6 10 55
2 6 11 56
2 6 12 59
2 6 13 64
2 6 14 71
2 6 15 80
2 6 16 91
2 6 17 104
2 6 18 119
2 6 19 136
2 7 0 148
2 7 1 129
2 7 2 112
2 7 3 97
2 7 4 84
2 7 5 73
2 7 6 64
2 7 7 57
2 7 8 52
2 7 9 49
2 7 10 48
2 7 11 49
2 7 12 52
2 7 13 57
2 7 14 64
2 7 15 73
2 7 16 84
2 7 17 97
2 7 18 112
2 7 19 129
2 8 0 143
2 8 1 124
2 8 2 107
2 8 3 92
2 8 4 79
2 8 5 68
2 8 6 59
2 8 7 52
2 8 8 47
2 8 9 44
2 8 10 43
2 8 11 44
2 8 12 47
2 8 13 52
2 8 14 59
2 8 15 68
2 8 16 79
2 8 17 92
2 8 18 107
2 8 19 124
2 9 0 140
2 9 1 121
2 9 2 104
2 9 3 89
2 9 4 76
2 9 5 65
2 9 6 56
2 9 7 49
2 9 8 44
2 9 9 41
2 9 10 40
2 9 11 41
2 9 12 44
2 9 13 49
2 9 14 56
2 9 15 65
2 9 16 76
2 9 17 89
2 9 18 104
2 9 19 121
2 10 0 139
2 10 1 120
2 10 2 103
2 10 3 88
2 10 4 75
2 10 5 64
2 10 6 55
2 10 7 48
2 10 8 43
2 10 9 40
2 10 10 39
2 10 11 40
2 10 12 43
2 10 13 48
2 10 14 55
2 10 15 64
2 10 16 75
2 10 17 88
2 10 18 103
2 10 19 120
2 11 0 140
2 11 1 121
2 11 2 104
2 11 3 89
2 11 4 76
2 11 5 65
2 11 6 56
2 11 7 49
2 11 8 44
2 11 9 41
2 11 10 40
2 11 11 41
2 11 12 44
2 11 13 49
2 11 14 56
2 11 15 65
2 11 16 76
2 11 17 89
2 11 18 104
2 11 19 121
2 12 0 143
2 12 1 124
2 12 2 107
2 12 3 92
2 12 4 79
2 12 5 68
2 12 6 59
2 12 7 52
2 12 8 47
2 12 9 44
2 12 10 43
2 12 11 44
2 12 12 47
2 12 13 52
2 12 14 59
2 12 15 68
2 12 16 79
2 12 17 92
2 12 18 107
2 12 19 124
2 13 0 148
2 13 1 129
2 13 2 112
2 13 3 97
2 13 4 84
2 13 5 73
2 13 6 64
2 13 7 57
2 13 8 52
2 13 9 49
2 13 10 48
2 13 11 49
2 13 12 52
2 13 13 57
2 13 14 64
2 13 15 73
2 13 16 84
2 13 17 97
2 13 18 112
2 13 19 129
2 14 0 155
2 14 1 136
2 14 2 119
2 14 3 104
2 14 4 91
2 14 5 80
2 14 6 71
2 14 7 64
2 14 8 59
2 14 9 56
2 14 10 55
2 14 11 56
2 14 12 59
2 14 13 64
2 14 14 71
2 14 15 80
2 14 16 91
2 14 17 104
2 14 18 119
2 14 19 136
2 15 0 164
2 15 1 145
2 15 2 128
2 15 3 113
2 15 4 100
2 15 5 89
2 15 6 80
2 15 7 73
2 15 8 68
2 15 9 65
2 15 10 64
2 15 11 65
2 15 12 68
2 15 13 73
2 15 14 80
2 15 15 89
2 15 16 100
2 15 17 113
2 15 18 128
2 15 19 145
2 16 0 175
2 16 1 156
2 16 2 139
2 16 3 124
2 16 4 111
2 16 5 100
2 16 6 91
2 16 7 84
2 16 8 79
2 16 9 76
2 16 10 75
2 16 11 76
2 16 12 79
2 16 13 84
2 16 14 91
2 16 15 100
2 16 16 111
2 16 17 124
2 16 18 139
2 16 19 156
2 17 0 188
2 17 1 169
2 17 2 152
2 17 3 137
2 17 4 124
2 17 5 113
2 17 6 104
2 17 7 97
2 17 8 92
2 17 9 89
2 17 10 88
2 17 11 89
2 17 12 92
2 17 13 97
2 17 14 104
2 17 15 113
2 17 16 124
2 17 17 137
2 17 18 152
2 17 19 169
2 18 0 203
2 18 1 184
2 18 2 167
2 18 3 152
2 18 4 139
2 18 5 128
2 18 6 119
2 18 7 112
2 18 8 107
2 18 9 104
2 18 10 103
2 18 11 104
2 18 12 107
2 18 13 112
2 18 14 119
2 18 15 128
2 18 16 139
2 18 17 152
2 18 18 167
2 18 19 184
2 19 0 220
2 19 1 201
2 19 2 184
2 19 3 169
2 19 4 156
2 19 5 145
2 19 6 136
2 19 7 129
2 19 8 124
2 19 9 121
2 19 10 120
2 19 11 121
2 19 12 124
2 19 13 129
2 19 14 136
2 19 15 145
2 19 16 156
2 19 17 169
2 19 18 184
2 19 19 201
3 0 0 224
3 0 1 205
3 0 2 188
3 0 3 173
3 0 4 160
3 0 5 149
3 0 6 140
3 0 7 133
3 0 8 128
3 0 9 125
3 0 10 124
3 0 11 125
3 0 12 128
3 0 13 133
3 0 14 140
3 0 15 149
3 0 16 160
3 0 17 173
3 0 18 188
3 0 19 205
3 1 0 205
3 1 1 186
3 1 2 169
3 1 3 154
3 1 4 141
3 1 5 130
3 1 6 121
3 1 7 114
3 1 8 109
3 1 9 106
3 1 10 105
3 1 11 106
3 1 12 109
3 1 13 114
3 1 14 121
3 1 15 130
3 1 16 141
3 1 17 154
3 1 18 169
3 1 19 186
3 2 0 188
3 2 1 169
3 2 2 152
3 2 3 137
3 2 4 124
3 2 5 113
3 2 6 104
3 2 7 97
3 2 8 92
3 2 9 89
3 2 10 88
3 2 11 89
3 2 12 92
3 2 13 97
3 2 14 104
3 2 15 113
3 2 16 124
3 2 17 137
3 2 18 152
3 2 19 169
3 3 0 173
3 3 1 154
3 3 2 137
3 3 3 122
3 3 4 109
3 3 5 98
3 3 6 89
3 3 7 82
3 3 8 77
3 3 9 74
3 3 10 73
3 3 11 74
3 3 12 77
3 3 13 82
3 3 14 89
3 3 15 98
3 3 16 109
3 3 17 122
3 3 18 137
3 3 19 154
3 4 0 160
3 4 1 141
3 4 2 124
3 4 3 109
3 4 4 96
3 4 5 85
3 4 6 76
3 4 7 69
3 4 8 64
3 4 9 61
3 4 10 60
3 4 11 61
3 4 12 64
3 4 13 69
3 4 14 76
3 4 15 85
3 4 16 96
3 4 17 109
3 4 18 124
3 4 19 141
3 5 0 149
3 5 1 130
3 5 2 113
3 5 3 98
3 5 4 85
3 5 5 74
3 5 6 65
3 5 7 58
3 5 8 53
3 5 9 50
3 5 10 49
3 5 11 50
3 5 12 53
3 5 13 58
3 5 14 65
3 5 15 74
3 5 16 85
3 5 17 98
3 5 18 113
3 5 19 130
3 6 0 140
3 6 1 121
3 6 2 104
3 6 3 89
3 6 4 76
3 6 5 65
3 6 6 56
3 6 7 49
3 6 8 44
3 6 9 41
3 6 10 40
3 6 11 41
3 6 12 44
3 6 13 49
3 6 14 56
3 6 15 65
3 6 16 76
3 6 17 89
3 6 18 104
3 6 19 121
3 7 0 133
3 7 1 114
3 7 2 97
3 7 3 82
3 7 4 69
3 7 5 58
3 7 6 49
3 7 7 42
3 7 8 37
3 7 9 34
3 7 10 33
3 7 11 34
3 7 12 37
3 7 13 42
3 7 14 49
3 7 15 58
3 7 16 69
3 7 17 82
3 7 18 97
3 7 19 114
3 8 0 128
3 8 1 109
3 8 2 92
3 8 3 77
3 8 4 64
3 8 5 53
3 8 6 44
3 8 7 37
3 8 8 32
3 8 9 29
3 8 10 28
3 8 11 29
3 8 12 32
3 8 13 37
3 8 14 44
3 8 15 53
3 8 16 64
3 8 17 77
3 8 18 92
3 8 19 109
3 9 0 125
3 9 1 106
3 9 2 89
3 9 3 74
3 9 4 61
3 9 5 50
3 9 6 41
3 9 7 34
3 9 8 29
3 9 9 26
3 9 10 25
3 9 11 26
3 9 12 29
3 9 13 34
3 9 14 41
3 9 15 50
3 9 16 61
3 9 17 74
3 9 18 89
3 9 19 106
3 10 0 124
3 10 1 105
3 10 2 88
3 10 3 73
3 10 4 60
3 10 5 49
3 10 6 40
3 10 7 33
3 10 8 28
3 10 9 25
3 10 10 24
3 10 11 25
3 10 12 28
3 10 13 33
3 10 14 40
3 10 15 49
3 10 16 60
3 10 17 73
3 10 18 88
3 10 19 105
3 11 0 125
3 11 1 106
3 11 2 89
3 11 3 74
3 11 4 61
3 11 5 50
3 11 6 41
3 11 7 34
3 11 8 29
3 11 9 26
3 11 10 25
3 11 11 26
3 11 12 29
3 11 13 34
3 11 14 41
3 11 15 50
3 11 16 61
3 11 17 74
3 11 18 89
3 11 19 106
3 12 0 128
3 12 1 109
3 12 2 92
3 12 3 77
3 12 4 64
3 12 5 53
3 12 6 44
3 12 7 37
3 12 8 32
3 12 9 29
3 12 10 28
3 12 11 29
3 12 12 32
3 12 13 37
3 12 14 44
3 12 15 53
3 12 16 64
3 12 17 77
3 12 18 92
3 12 19 109
3 13 0 133
3 13 1 114
3 13 2 97
3 13 3 82
3 13 4 69
3 13 5 58
3 13 6 49
3 13 7 42
3 13 8 37
3 13 9 34
3 13 10 33
3 13 11 34
3 13 12 37
3 13 13 42
3 13 14 49
3 13 15 58
3 13 16 69
3 13 17 82
3 13 18 97
3 13 19 114
3 14 0 140
3 14 1 121
3 14 2 104
3 14 3 89
3 14 4 76
3 14 5 65
3 14 6 56
3 14 7 49
3 14 8 44
3 14 9 41
3 14 10 40
3 14 11 41
3 14 12 44
3 14 13 49
3 14 14 56
3 14 15 65
3 14 16 76
3 14 17 89
3 14 18 104
3 14 19 121
3 15 0 149
3 15 1 130
3 15 2 113
3 15 3 98
3 15 4 85
3 15 5 74
3 15 6 65
3 15 7 58
3 15 8 53
3 15 9 50
3 15 10 49
3 15 11 50
3 15 12 53
3 15 13 58
3 15 14 65
3 15 15 74
3 15 16 85
3 15 17 98
3 15 18 113
3 15 19 130
3 16 0 160
3 16 1 141
3 16 2 124
3 16 3 109
3 16 4 96
3 16 5 85
3 16 6 76
3 16 7 69
3 16 8 64
3 16 9 61
3 16 10 60
3 16 11 61
3 16 12 64
3 16 13 69
3 16 14 76
3 16 15 85
3 16 16 96
3 16 17 109
3 16 18 124
3 16 19 141
3 17 0 173
3 17 1 154
3 17 2 137
3 17 3 122
3 17 4 109
3 17 5 98
3 17 6 89
3 17 7 82
3 17 8 77
3 17 9 74
3 17 10 73
3 17 11 74
3 17 12 77
3 17 13 82
3 17 14 89
3 17 15 98
3 17 16 109
3 17 17 122
3 17 18 137
3 17 19 154
3 18 0 188
3 18 1 169
3 18 2 152
3 18 3 137
3 18 4 124
3 18 5 113
3 18 6 104
3 18 7 97
3 18 8 92
3 18 9 89
3 18 10 88
3 18 11 89
3 18 12 92
3 18 13 97
3 18 14 104
3 18 15 113
3 18 16 124
3 18 17 137
3 18 18 152
3 18 19 169
3 19 0 205
3 19 1 186
3 19 2 169
3 19 3 154
3 19 4 141
3 19 5 130
3 19 6 121
3 19 7 114
3 19 8 109
3 19 9 106
3 19 10 105
3 19 11 106
3 19 12 109
3 19 13 114
3 19 14 121
3 19 15 130
3 19 16 141
3 19 17 154
3 19 18 169
3 19 19 186
4 0 0 211
4 0 1 192
4 0 2 175
4 0 3 160
4 0 4 147
4 0 5 136
4 0 6 127
4 0 7 120
4 0 8 115
4 0 9 112
4 0 10 111
4 0 11 112
4 0 12 115
4 0 13 120
4 0 14 127
4 0 15 136
4 0 16 147
4 0 17 160
4 0 18 175
4 0 19 192
4 1 0 192
4 1 1 173
4 1 2 156
4 1 3 141
4 1 4 128
4 1 5 117
4 1 6 108
4 1 7 101
4 1 8 96
4 1 9 93
4 1 10 92
4 1 11 93
4 1 12 96
4 1 13 101
4 1 14 108
4 1 15 117
4 1 16 128
4 1 17 141
4 1 18 156
4 1 19 173
4 2 0 175
4 2 1 156
4 2 2 139
4 2 3 124
4 2 4 111
4 2 5 100
4 2 6 91
4 2 7 84
4 2 8 79
4 2 9 76
4 2 10 75
4 2 11 76
4 2 12 79
4 2 13 84
4 2 14 91
4 2 15 100
4 2 16 111
4 2 17 124
4 2 18 139
4 2 19 156
4 3 0 160
4 3 1 141
4 3 2 124
4 3 3 109
4 3 4 96
4 3 5 85
4 3 6 76
4 3 7 69
4 3 8 64
4 3 9 61
4 3 10 60
4 3 11 61
4 3 12 64
4 3 13 69
4 3 14 76
4 3 15 85
4 3 16 96
4 3 17 109
4 3 18 124
4 3 19 141
4 4 0 147
4 4 1 128
4 4 2 111
4 4 3 96
4 4 4 83
4 4 5 72
4 4 6 63
4 4 7 56
4 4 8 51
4 4 9 48
4 4 10 47
4 4 11 48
4 4 12 51
4 4 13 56
4 4 14 63
4 4 15 72
4 4 16 83
4 4 17 96
4 4 18 111
4 4 19 128
4 5 0 136
4 5 1 117
4 5 2 100
4 5 3 85
4 5 4 72
4 5 5 61
4 5 6 52
4 5 7 45
4 5 8 40
4 5 9 37
4 5 10 36
4 5 11 37
4 5 12 40
4 5 13 45
4 5 14 52
4 5 15 61
4 5 16 72
4 5 17 85
4 5 18 100
4 5 19 117
4 6 0 127
4 6 1 108
4 6 2 91
4 6 3 76
4 6 4 63
4 6 5 52
4 6 6 43
4 6 7 36
4 6 8 31
4 6 9 28
4 6 10 27
4 6 11 28
4 6 12 31
4 6 13 36
4 6 14 43
4 6 15 52
4 6 16 63
4 6 17 76
4 6 18 91
4 6 19 108
4 7 0 120
4 7 1 101
4 7 2 84
4 7 3 69
4 7 4 56
4 7 5 45
4 7 6 36
4 7 7 29
4 7 8 24
4 7 9 21
4 7 10 20
4 7 11 21
4 7 12 24
4 7 13 29
4 7 14 36
4 7 15 45
4 7 16 56
4 7 17 69
4 7 18 84
4 7 19 101
4 8 0 115
4 8 1 96
4 8 2 79
4 8 3 64
4 8 4 51
4 8 5 40
4 8 6 31
4 8 7 24
4 8 8 19
4 8 9 16
4 8 10 15
4 8 11 16
4 8 12 19
4 8 13 24
4 8 14 31
4 8 15 40
4 8 16 51
4 8 17 64
4 8 18 79
4 8 19 96
4 9 0 112
4 9 1 93
4 9 2 76
4 9 3 61
4 9 4 48
4 9 5 37
4 9 6 28
4 9 7 21
4 9 8 16
4 9 9 13
4 9 10 12
4 9 11 13
4 9 12 16
4 9 13 21
4 9 14 28
4 9 15 37
4 9 16 48
4 9 17 61
4 9 18 76
4 9 19 93
4 10 0 111
4 10 1 92
4 10 2 75
4 10 3 60
4 10 4 47
4 10 5 36
4 10 6 27
4 10 7 20
4 10 8 15
4 10 9 12
4 10 10 11
4 10 11 12
4 10 12 15
4 10 13 20
4 10 14 27
4 10 15 36
4 10 16 47
4 10 17 60
4 10 18 75
4 10 19 92
4 11 0 112
4 11 1 93
4 11 2 76
4 11 3 61
4 11 4 48
4 11 5 37
4 11 6 28
4 11 7 21
4 11 8 16
4 11 9 13
4 11 10 12
4 11 11 13
4 11 12 16
4 11 13 21
4 11 14 28
4 11 15 37
4 11 16 48
4 11 17 61
4 11 18 76
4 11 19 93
4 12 0 115
4 12 1 96
4 12 2 79
4 12 3 64
4 12 4 51
4 12 5 40
4 12 6 31
4 12 7 24
4 12 8 19
4 12 9 16
4 12 10 15
4 12 11 16
4 12 12 19
4 12 13 24
4 12 14 31
4 12 15 40
4 12 16 51
4 12 17 64
4 12 18 79
4 12 19 96
4 13 0 120
4 13 1 101
4 13 2 84
4 13 3 69
4 13 4 56
4 13 5 45
4 13 6 36
4 13 7 29
4 13 8 24
4 13 9 21
4 13 10 20
4 13 11 21
4 13 12 24
4 13 13 29
4 13 14 36
4 13 15 45
4 13 16 56
4 13 17 69
4 13 18 84
4 13 19 101
4 14 0 127
4 14 1 108
4 14 2 91
4 14 3 76
4 14 4 63
4 14 5 52
4 14 6 43
4 14 7 36
4 14 8 31
4 14 9 28
4 14 10 27
4 14 11 28
4 14 12 31
4 14 13 36
4 14 14 43
4 14 15 52
4 14 16 63
4 14 17 76
4 14 18 91
4 14 19 108
4 15 0 136
4 15 1 117
4 15 2 100
4 15 3 85
4 15 4 72
4 15 5 61
4 15 6 52
4 15 7 45
4 15 8 40
4 15 9 37
4 15 10 36
4 15 11 37
4 15 12 40
4 15 13 45
4 15 14 52
4 15 15 61
4 15 16 72
4 15 17 85
4 15 18 100
4 15 19 117
4 16 0 147
4 16 1 128
4 16 2 111
4 16 3 96
4 16 4 83
4 16 5 72
4 16 6 63
4 16 7 56
4 16 8 51
4 16 9 48
4 16 10 47
4 16 11 48
4 16 12 51
4 16 13 56
4 16 14 63
4 16 15 72
4 16 16 83
4 16 17 96
4 16 18 111
4 16 19 128
4 17 0 160
4 17 1 141
4 17 2 124
4 17 3 109
4 17 4 96
4 17 5 85
4 17 6 76
4 17 7 69
4 17 8 64
4 17 9 61
4 17 10 60
4 17 11 61
4 17 12 64
4 17 13 69
4 17 14 76
4 17 15 85
4 17 16 96
4 17 17 109
4 17 18 124
4 17 19 141
4 18 0 175
4 18 1 156
4 18 2 139
4 18 3 124
4 18 4 111
4 18 5 100
4 18 6 91
4 18 7 84
4 18 8 79
4 18 9 76
4 18 10 75
4 18 11 76
4 18 12 79
4 18 13 84
4 18 14 91
4 18 15 100
4 18 16 111
4 18 17 124
4 18 18 139
4 18 19 156
4 19 0 192
4 19 1 173
4 19 2 156
4 19 3 141
4 19 4 128
4 19 5 117
4 19 6 108
4 19 7 101
4 19 8 96
4 19 9 93
4 19 10 92
4 19 11 93
4 19 12 96
4 19 13 101
4 19 14 108
4 19 15 117
4 19 16 128
4 19 17 141
4 19 18 156
4 19 19 173
5 0 0 200
5 0 1 181
5 0 2 164
5 0 3 149
5 0 4 136
5 0 5 125
5 0 6 116
5 0 7 109
5 0 8 104
5 0 9 101
5 0 10 100
5 0 11 101
5 0 12 104
5 0 13 109
5 0 14 116
5 0 15 125
5 0 16 136
5 0 17 149
5 0 18 164
5 0 19 181
5 1 0 181
5 1 1 162
5 1 2 145
5 1 3 130
5 1 4 117
5 1 5 106
5 1 6 97
5 1 7 90
5 1 8 85
5 1 9 82
5 1 10 81
5 1 11 82
5 1 12 85
5 1 13 90
5 1 14 97
5 1 15 106
5 1 16 117
5 1 17 130
5 1 18 145
5 1 19 162
5 2 0 164
5 2 1 145
5 2 2 128
5 2 3 113
5 2 4 100
5 2 5 89
5 2 6 80
5 2 7 73
5 2 8 68
5 2 9 65
5 2 10 64
5 2 11 65
5 2 12 68
5 2 13 73
5 2 14 80
5 2 15 89
5 2 16 100
5 2 17 113
5 2 18 128
5 2 19 145
5 3 0 149
5 3 1 130
5 3 2 113
5 3 3 98
5 3 4 85
5 3 5 74
5 3 6 65
5 3 7 58
5 3 8 53
5 3 9 50
5 3 10 49
5 3 11 50
5 3 12 53
5 3 13 58
5 3 14 65
5 3 15 74
5 3 16 85
5 3 17 98
5 3 18 113
5 3 19 130
5 4 0 136
5 4 1 117
5 4 2 100
5 4 3 85
5 4 4 72
5 4 5 61
5 4 6 52
5 4 7 45
5 4 8 40
5 4 9 37
5 4 10 36
5 4 11 37
5 4 12 40
5 4 13 45
5 4 14 52
5 4 15 61
5 4 16 72
5 4 17 85
5 4 18 100
5 4 19 117
5 5 0 125
5 5 1 106
5 5 2 89
5 5 3 74
5 5 4 61
5 5 5 50
5 5 6 41
5 5 7 34
5 5 8 29
5 5 9 26
5 5 10 25
5 5 11 26
5 5 12 29
5 5 13 34
5 5 14 41
5 5 15 50
5 5 16 61
5 5 17 74
5 5 18 89
5 5 19 106
5 6 0 116
5 6 1 97
5 6 2 80
5 6 3 65
5 6 4 52
5 6 5 41
5 6 6 32
5 6 7 25
5 6 8 20
5 6 9 17
5 6 10 16
5 6 11 17
5 6 12 20
5 6 13 25
5 6 14 32
5 6 15 41
5 6 16 52
5 6 17 65
5 6 18 80
5 6 19 97
5 7 0 109
5 7 1 90
5 7 2 73
5 7 3 58
5 7 4 45
5 7 5 34
5 7 6 25
5 7 7 18
5 7 8 13
5 7 9 10
5 7 10 9
5 7 11 10
5 7 12 13
5 7 13 18
5 7 14 25
5 7 15 34
5 7 16 45
5 7 17 58
5 7 18 73
5 7 19 90
5 8 0 104
5 8 1 85
5 8 2 68
5 8 3 53
5 8 4 40
5 8 5 29
5 8 6 20
5 8 7 13
5 8 8 8
5 8 9 5
5 8 10 4
5 8 11 5
5 8 12 8
5 8 13 13
5 8 14 20
5 8 15 29
5 8 16 40
5 8 17 53
5 8 18 68
5 8 19 85
5 9 0 101
5 9 1 82
5 9 2 65
5 9 3 50
5 9 4 37
5 9 5 26
5 9 6 17
5 9 7 10
5 9 8 5
5 9 9 2
5 9 10 1
5 9 11 2
5 9 12 5
5 9 13 10
5 9 14 17
5 9 15 26
5 9 16 37
5 9 17 50
5 9 18 65
5 9 19 82
5 10 0 100
5 10 1 81
5 10 2 64
5 10 3 49
5 10 4 36
5 10 5 25
5 10 6 16
5 10 7 9
5 10 8 4
5 10 9 1
5 10 10 0
5 10 11 1
5 10 12 4
5 10 13 9
5 10 14 16
5 10 15 25
5 10 16 36
5 10 17 49
5 10 18 64
5 10 19 81
5 11 0 101
5 11 1 82
5 11 2 65
5 11 3 50
5 11 4 37
5 11 5 26
5 11 6 17
5 11 7 10
5 11 8 5
5 11 9 2
5 11 10 1
5 11 11 2
5 11 12 5
5 11 13 10
5 11 14 17
5 11 15 26
5 11 16 37
5 11 17 50
5 11 18 65
5 11 19 82
5 12 0 104
5 12 1 85
5 12 2 68
5 12 3 53
5 12 4 40
5 12 5 29
5 12 6 20
5 12 7 13
5 12 8 8
5 12 9 5
5 12 10 4
5 12 11 5
5 12 12 8
5 12 13 13
5 12 14 20
5 12 15 29
5 12 16 40
5 12 17 53
5 12 18 68
5 12 19 85
5 13 0 109
5 13 1 90
5 13 2 73
5 13 3 58
5 13 4 45
5 13 5 34
5 13 6 25
5 13 7 18
5 13 8 13
5 13 9 10
5 13 10 9
5 13 11 10
5 13 12 13
5 13 13 18
5 13 14 25
5 13 15 34
5 13 16 45
5 13 17 58
5 13 18 73
5 13 19 90
5 14 0 116
5 14 1 97
5 14 2 80
5 14 3 65
5 14 4 52
5 14 5 41
5 14 6 32
5 14 7 25
5 14 8 20
5 14 9 17
5 14 10 16
5 14 11 17
5 14 12 20
5 14 13 25
5 14 14 32
5 14 15 41
5 14 16 52
5 14 17 65
5 14 18 80
5 14 19 97
5 15 0 125
5 15 1 106
5 15 2 89
5 15 3 74
5 15 4 61
5 15 5 50
5 15 6 41
5 15 7 34
5 15 8 29
5 15 9 26
5 15 10 25
5 15 11 26
5 15 12 29
5 15 13 34
5 15 14 41
5 15 15 50
5 15 16 61
5 15 17 74
5 15 18 89
5 15 19 106
5 16 0 136
5 16 1 117
5 16 2 100
5 16 3 85
5 16 4 72
5 16 5 61
5 16 6 52
5 16 7 45
5 16 8 40
5 16 9 37
5 16 10 36
5 16 11 37
5 16 12 40
5 16 13 45
5 16 14 52
5 16 15 61
5 16 16 72
5 16 17 85
5 16 18 100
5 16 19 117
5 17 0 149
5 17 1 130
5 17 2 113
5 17 3 98
5 17 4 85
5 17 5 74
5 17 6 65
5 17 7 58
5 17 8 53
5 17 9 50
5 17 10 49
5 17 11 50
5 17 12 53
5 17 13 58
5 17 14 65
5 17 15 74
5 17 16 85
5 17 17 98
5 17 18 113
5 17 19 130
5 18 0 164
5 18 1 145
5 18 2 128
5 18 3 113
5 18 4 100
5 18 5 89
5 18 6 80
5 18 7 73
5 18 8 68
5 18 9 65
5 18 10 64
5 18 11 65
5 18 12 68
5 18 13 73
5 18 14 80
5 18 15 89
5 18 16 100
5 18 17 113
5 18 18 128
5 18 19 145
5 19 0 181
5 19 1 162
5 19 2 145
5 19 3 130
5 19 4 117
5 19 5 106
5 19 6 97
5 19 7 90
5 19 8 85
5 19 9 82
5 19 10 81
5 19 11 82
5 19 12 85
5 19 13 90
5 19 14 97
5 19 15 106
5 19 16 117
5 19 17 130
5 19 18 145
5 19 19 162
6 0 0 191
6 0 1 172
6 0 2 155
6 0 3 140
6 0 4 127
6 0 5 116
6 0 6 107
6 0 7 100
6 0 8 95
6 0 9 92
6 0 10 91
6 0 11 92
6 0 12 95
6 0 13 100
6 0 14 107
6 0 15 116
6 0 16 127
6 0 17 140
6 0 18 155
6 0 19 172
6 1 0 172
6 1 1 153
6 1 2 136
6 1 3 121
6 1 4 108
6 1 5 97
6 1 6 88
6 1 7 81
6 1 8 76
6 1 9 73
6 1 10 72
6 1 11 73
6 1 12 76
6 1 13 81
6 1 14 88
6 1 15 97
6 1 16 108
6 1 17 121
6 1 18 136
6 1 19 153
6 2 0 155
6 2 1 136
6 2 2 119
6 2 3 104
6 2 4 91
6 2 5 80
6 2 6 71
6 2 7 64
6 2 8 59
6 2 9 56
6 2 10 55
6 2 11 56
6 2 12 59
6 2 13 64
6 2 14 71
6 2 15 80
6 2 16 91
6 2 17 104
6 2 18 119
6 2 19 136
6 3 0 140
6 3 1 121
6 3 2 104
6 3 3 89
6 3 4 76
6 3 5 65
6 3 6 56
6 3 7 49
6 3 8 44
6 3 9 41
6 3 10 40
6 3 11 41
6 3 12 44
6 3 13 49
6 3 14 56
6 3 15 65
6 3 16 76
6 3 17 89
6 3 18 104
6 3 19 121
6 4 0 127
6 4 1 108
6 4 2 91
6 4 3 76
6 4 4 63
6 4 5 52
6 4 6 43
6 4 7 36
6 4 8 31
6 4 9 28
6 4 10 27
6 4 11 28
6 4 12 31
6 4 13 36
6 4 14 43
6 4 15 52
6 4 16 63
6 4 17 76
6 4 18 91
6 4 19 108
6 5 0 116
6 5 1 97
6 5 2 80
6 5 3 65
6 5 4 52
6 5 5 41
6 5 6 32
6 5 7 25
6 5 8 20
6 5 9 17
6 5 10 16
6 5 11 17
6 5 12 20
6 5 13 25
6 5 14 32
6 5 15 41
6 5 16 52
6 5 17 65
6 5 18 80
6 5 19 97
6 6 0 107
6 6 1 88
6 6 2 71
6 6 3 56
6 6 4 43
6 6 5 32
6 6 6 23
6 6 7 16
6 6 8 11
6 6 9 8
6 6 10 7
6 6 11 8
6 6 12 11
6 6 13 16
6 6 14 23
6 6 15 32
6 6 16 43
6 6 17 56
6 6 18 71
6 6 19 88
6 7 0 100
6 7 1 81
6 7 2 64
6 7 3 49
6 7 4 36
6 7 5 25
6 7 6 16
6 7 7 9
6 7 8 4
6 7 9 1
6 7 10 0
6 7 11 1
6 7 12 4
6 7 13 9
6 7 14 16
6 7 15 25
6 7 16 36
6 7 17 49
6 7 18 64
6 7 19 81
6 8 0 95
6 8 1 76
6 8 2 59
6 8 3 44
6 8 4 31
6 8 5 20
6 8 6 11
6 8 7 4
6 8 8 -1
6 8 9 -4
6 8 10 -5
6 8 11 -4
6 8 12 -1
6 8 13 4
6 8 14 11
6 8 15 20
6 8 16 31
6 8 17 44
6 8 18 59
6 8 19 76
6 9 0 92
6 9 1 73
6 9 2 56
6 9 3 41
6 9 4 28
6 9 5 17
6 9 6 8
6 9 7 1
6 9 8 -4
6 9 9 -7
6 9 10 -8
6 9 11 -7
6 9 12 -4
6 9 13 1
6 9 14 8
6 9 15 17
6 9 16 28
6 9 17 41
6 9 18 56
6 9 19 73
6 10 0 91
6 10 1 72
6 10 2 55
6 10 3 40
6 10 4 27
6 10 5 16
6 10 6 7
6 10 7 0
6 10 8 -5
6 10 9 -8
6 10 10 -9
6 10 11 -8
6 10 12 -5
6 10 13 0
6 10 14 7
6 10 15 16
6 10 16 27
6 10 17 40
6 10 18 55
6 10 19 72
6 11 0 92
6 11 1 73
6 11 2 56
6 11 3 41
6 11 4 28
6 11 5 17
6 11 6 8
6 11 7 1
6 11 8 -4
6 11 9 -7
6 11 10 -8
6 11 11 -7
6 11 12 -4
6 11 13 1
6 11 14 8
6 11 15 17
6 11 16 28
6 11 17 41
6 11 18 56
6 11 19 73
6 12 0 95
6 12 1 76
6 12 2 59
6 12 3 44
6 12 4 31
6 12 5 20
6 12 6 11
6 12 7 4
6 12 8 -1
6 12 9 -4
6 12 10 -5
6 12 11 -4
6 12 12 -1
6 12 13 4
6 12 14 11
6 12 15 20
6 12 16 31
6 12 17 44
6 12 18 59
6 12 19 76
6 13 0 100
6 13 1 81
6 13 2 64
6 13 3 49
6 13 4 36
6 13 5 25
6 13 6 16
6 13 7 9
6 13 8 4
6 13 9 1
6 13 10 0
6 13 11 1
6 13 12 4
6 13 13 9
6 13 14 16
6 13 15 25
6 13 16 36
6 13 17 49
6 13 18 64
6 13 19 81
6 14 0 107
6 14 1 88
6 14 2 71
6 14 3 56
6 14 4 43
6 14 5 32
6 14 6 23
6 14 7 16
6 14 8 11
6 14 9 8
6 14 10 7
6 14 11 8
6 14 12 11
6 14 13 16
6 14 14 23
6 14 15 32
6 14 16 43
6 14 17 56
6 14 18 71
6 14 19 88
6 15 0 116
6 15 1 97
6 15 2 80
6 15 3 65
6 15 4 52
6 15 5 41
6 15 6 32
6 15 7 25
6 15 8 20
6 15 9 17
6 15 10 16
6 15 11 17
6 15 12 20
6 15 13 25
6 15 14 32
6 15 15 41
6 15 16 52
6 15 17 65
6 15 18 80
6 15 19 97
6 16 0 127
6 16 1 108
6 16 2 91
6 16 3 76
6 16 4 63
6 16 5 52
6 16 6 43
6 16 7 36
6 16 8 31
6 16 9 28
6 16 10 27
6 16 11 28
6 16 12 31
6 16 13 36
6 16 14 43
6 16 15 52
6 16 16 63
6 16 17 76
6 16 18 91
6 16 19 108
6 17 0 140
6 17 1 121
6 17 2 104
6 17 3 89
6 17 4 76
6 17 5 65
6 17 6 56
6 17 7 49
6 17 8 44
6 17 9 41
6 17 10 40
6 17 11 41
6 17 12 44
6 17 13 49
6 17 14 56
6 17 15 65
6 17 16 76
6 17 17 89
6 17 18 104
6 17 19 121
6 18 0 155
6 18 1 136
6 18 2 119
6 18 3 104
6 18 4 91
6 18 5 80
6 18 6 71
6 18 7 64
6 18 8 59
6 18 9 56
6 18 10 55
6 18 11 56
6 18 12 59
6 18 13 64
6 18 14 71
6 18 15 80
6 18 16 91
6 18 17 104
6 18 18 119
6 18 19 136
6 19 0 172
6 19 1 153
6 19 2 136
6 19 3 121
6 19 4 108
6 19 5 97
6 19 6 88
6 19 7 81
6 19 8 76
6 19 9 73
6 19 10 72
6 19 11 73
6 19 12 76
6 19 13 81
6 19 14 88
6 19 15 97
6 19 16 108
6 19 17 121
6 19 18 136
6 19 19 153
7 0 0 184
7 0 1 165
7 0 2 148
7 0 3 133
7 0 4 120
7 0 5 109
7 0 6 100
7 0 7 93
7 0 8 88
7 0 9 85
7 0 10 84
7 0 11 85
7 0 12 88
7 0 13 93
7 0 14 100
7 0 15 109
7 0 16 120
7 0 17 133
7 0 18 148
7 0 19 165
7 1 0 165
7 1 1 146
7 1 2 129
7 1 3 114
7 1 4 101
7 1 5 90
7 1 6 81
7 1 7 74
7 1 8 69
7 1 9 66
7 1 10 65
7 1 11 66
7 1 12 69
7 1 13 74
7 1 14 81
7 1 15 90
7 1 16 101
7 1 17 114
7 1 18 129
7 1 19 146
7 2 0 148
7 2 1 129
7 2 2 112
7 2 3 97
7 2 4 84
7 2 5 73
7 2 6 64
7 2 7 57
7 2 8 52
7 2 9 49
7 2 10 48
7 2 11 49
7 2 12 52
7 2 13 57
7 2 14 64
7 2 15 73
7 2 16 84
7 2 17 97
7 2 18 112
7 2 19 129
7 3 0 133
7 3 1 114
7 3 2 97
7 3 3 82
7 3 4 69
7 3 5 58
7 3 6 49
7 3 7 42
7 3 8 37
7 3 9 34
7 3 10 33
7 3 11 34
7 3 12 37
7 3 13 42
7 3 14 49
7 3 15 58
7 3 16 69
7 3 17 82
7 3 18 97
7 3 19 114
7 4 0 120
7 4 1 101
7 4 2 84
7 4 3 69
7 4 4 56
7 4 5 45
7 4 6 36
7 4 7 29
7 4 8 24
7 4 9 21
7 4 10 20
7 4 11 21
7 4 12 24
7 4 13 29
7 4 14 36
7 4 15 45
7 4 16 56
7 4 17 69
7 4 18 84
7 4 19 101
7 5 0 109
7 5 1 90
7 5 2 73
7 5 3 58
7 5 4 45
7 5 5 34
7 5 6 25
7 5 7 18
7 5 8 13
7 5 9 10
7 5 10 9
7 5 11 10
7 5 12 13
7 5 13 18
7 5 14 25
7 5 15 34
7 5 16 45
7 5 17 58
7 5 18 73
7 5 19 90
7 6 0 100
7 6 1 81
7 6 2 64
7 6 3 49
7 6 4 36
7 6 5 25
7 6 6 16
7 6 7 9
7 6 8 4
7 6 9 1
7 6 10 0
7 6 11 1
7 6 12 4
7 6 13 9
7 6 14 16
7 6 15 25
7 6 16 36
7 6 17 49
7 6 18 64
7 6 19 81
7 7 0 93
7 7 1 74
7 7 2 57
7 7 3 42
7 7 4 29
7 7 5 18
7 7 6 9
7 7 7 2
7 7 8 -3
7 7 9 -6
7 7 10 -7
7 7 11 -6
7 7 12 -3
7 7 13 2
7 7 14 9
7 7 15 18
7 7 16 29
7 7 17 42
7 7 18 57
7 7 19 74
7 8 0 88
7 8 1 69
7 8 2 52
7 8 3 37
7 8 4 24
7 8 5 13
7 8 6 4
7 8 7 -3
7 8 8 -8
7 8 9 -11
7 8 10 -12
7 8 11 -11
7 8 12 -8
7 8 13 -3
7 8 14 4
7 8 15 13
7 8 16 24
7 8 17 37
7 8 18 52
7 8 19 69
7 9 0 85
7 9 1 66
7 9 2 49
7 9 3 34
7 9 4 21
7 9 5 10
7 9 6 1
7 9 7 -6
7 9 8 -11
7 9 9 -14
7 9 10 -15
7 9 11 -14
7 9 12 -11
7 9 13 -6
7 9 14 1
7 9 15 10
7 9 16 21
7 9 17 34
7 9 18 49
7 9 19 66
7 10 0 84
7 10 1 65
7 10 2 48
7 10 3 33
7 10 4 20
7 10 5 9
7 10 6 0
7 10 7 -7
7 10 8 -12
7 10 9 -15
7 10 10 -16
7 10 11 -15
7 10 12 -12
7 10 13 -7
7 10 14 0
7 10 15 9
7 10 16 20
7 10 17 33
7 10 18 48
7 10 19 65
7 11 0 85
7 11 1 66
7 11 2 49
7 11 3 34
7 11 4 21
7 11 5 10
7 11 6 1
7 11 7 -6
7 11 8 -11
7 11 9 -14
7 11 10 -15
7 11 11 -14
7 11 12 -11
7 11 13 -6
7 11 14 1
7 11 15 10
7 11 16 21
7 11 17 34
7 11 18 49
7 11 19 66
7 12 0 88
7 12 1 69
7 12 2 52
7 12 3 37
7 12 4 24
7 12 5 13
7 12 6 4
7 12 7 -3
7 12 8 -8
7 12 9 -11
7 12 10 -12
7 12 11 -11
7 12 12 -8
7 12 13 -3
7 12 14 4
7 12 15 13
7 12 16 24
7 12 17 37
7 12 18 52
7 12 19 69
7 13 0 93
7 13 1 74
7 13 2 57
7 13 3 42
7 13 4 29
7 13 5 18
7 13 6 9
7 13 7 2
7 13 8 -3
7 13 9 -6
7 13 10 -7
7 13 11 -6
7 13 12 -3
7 13 13 2
7 13 14 9
7 13 15 18
7 13 16 29
7 13 17 42
7 13 18 57
7 13 19 74
7 14 0 100
7 14 1 81
7 14 2 64
7 14 3 49
7 14 4 36
7 14 5 25
7 14 6 16
7 14 7 9
7 14 8 4
7 14 9 1
7 14 10 0
7 14 11 1
7 14 12 4
7 14 13 9
7 14 14 16
7 14 15 25
7 14 16 36
7 14 17 49
7 14 18 64
7 14 19 81
7 15 0 109
7 15 1 90
7 15 2 73
7 15 3 58
7 15 4 45
7 15 5 34
7 15 6 25
7 15 7 18
7 15 8 13
7 15 9 10
7 15 10 9
7 15 11 10
7 15 12 13
7 15 13 18
7 15 14 25
7 15 15 34
7 15 16 45
7 15 17 58
7 15 18 73
7 15 19 90
7 16 0 120
7 16 1 101
7 16 2 84
7 16 3 69
7 16 4 56
7 16 5 45
7 16 6 36
7 16 7 29
7 16 8 24
7 16 9 21
7 16 10 20
7 16 11 21
7 16 12 24
7 16 13 29
7 16 14 36
7 16 15 45
7 16 16 56
7 16 17 69
7 16 18 84
7 16 19 101
7 17 0 133
7 17 1 114
7 17 2 97
7 17 3 82
7 17 4 69
7 17 5 58
7 17 6 49
7 17 7 42
7 17 8 37
7 17 9 34
7 17 10 33
7 17 11 34
7 17 12 37
7 17 13 42
7 17 14 49
7 17 15 58
7 17 16 69
7 17 17 82
7 17 18 97
7 17 19 114
7 18 0 148
7 18 1 129
7 18 2 112
7 18 3 97
7 18 4 84
7 18 5 73
7 18 6 64
7 18 7 57
7 18 8 52
7 18 9 49
7 18 10 48
7 18 11 49
7 18 12 52
7 18 13 57
7 18 14 64
7 18 15 73
7 18 16 84
7 18 17 97
7 18 18 112
7 18 19 129
7 19 0 165
7 19 1 146
7 19 2 129
7 19 3 114
7 19 4 101
7 19 5 90
7 19 6 81
7 19 7 74
7 19 8 69
7 19 9 66
7 19 10 65
7 19 11 66
7 19 12 69
7 19 13 74
7 19 14 81
7 19 15 90
7 19 16 101
7 19 17 114
7 19 18 129
7 19 19 146
8 0 0 179
8 0 1 160
8 0 2 143
8 0 3 128
8 0 4 115
8 0 5 104
8 0 6 95
8 0 7 88
8 0 8 83
8 0 9 80
8 0 10 79
8 0 11 80
8 0 12 83
8 0 13 88
8 0 14 95
8 0 15 104
8 0 16 115
8 0 17 128
8 0 18 143
8 0 19 160
8 1 0 160
8 1 1 141
8 1 2 124
8 1 3 109
8 1 4 96
8 1 5 85
8 1 6 76
8 1 7 69
8 1 8 64
8 1 9 61
8 1 10 60
8 1 11 61
8 1 12 64
8 1 13 69
8 1 14 76
8 1 15 85
8 1 16 96
8 1 17 109
8 1 18 124
8 1 19 141
8 2 0 143
8 2 1 124
8 2 2 107
8 2 3 92
8 2 4 79
8 2 5 68
8 2 6 59
8 2 7 52
8 2 8 47
8 2 9 44
8 2 10 43
8 2 11 44
8 2 12 47
8 2 13 52
8 2 14 59
8 2 15 68
8 2 16 79
8 2 17 92
8 2 18 107
8 2 19 124
8 3 0 128
8 3 1 109
8 3 2 92
8 3 3 77
8 3 4 64
8 3 5 53
8 3 6 44
8 3 7 37
8 3 8 32
8 3 9 29
8 3 10 28
8 3 11 29
8 3 12 32
8 3 13 37
8 3 14 44
8 3 15 53
8 3 16 64
8 3 17 77
8 3 18 92
8 3 19 109
8 4 0 115
8 4 1 96
8 4 2 79
8 4 3 64
8 4 4 51
8 4 5 40
8 4 6 31
8 4 7 24
8 4 8 19
8 4 9 16
8 4 10 15
8 4 11 16
8 4 12 19
8 4 13 24
8 4 14 31
8 4 15 40
8 4 16 51
8 4 17 64
8 4 18 79
8 4 19 96
8 5 0 104
8 5 1 85
8 5 2 68
8 5 3 53
8 5 4 40
8 5 5 29
8 5 6 20
8 5 7 13
8 5 8 8
8 5 9 5
8 5 10 4
8 5 11 5
8 5 12 8
8 5 13 13
8 5 14 20
8 5 15 29
8 5 16 40
8 5 17 53
8 5 18 68
8 5 19 85
8 6 0 95
8 6 1 76
8 6 2 59
8 6 3 44
8 6 4 31
8 6 5 20
8 6 6 11
8 6 7 4
8 6 8 -1
8 6 9 -4
8 6 10 -5
8 6 11 -4
8 6 12 -1
8 6 13 4
8 6 14 11
8 6 15 20
8 6 16 31
8 6 17 44
8 6 18 59
8 6 19 76
8 7 0 88
8 7 1 69
8 7 2 52
8 7 3 37
8 7 4 24
8 7 5 13
8 7 6 4
8 7 7 -3
8 7 8 -8
8 7 9 -11
8 7 10 -12
8 7 11 -11
8 7 12 -8
8 7 13 -3
8 7 14 4
8 7 15 13
8 7 16 24
8 7 17 37
8 7 18 52
8 7 19 69
8 8 0 83
8 8 1 64
8 8 2 47
8 8 3 32
8 8 4 19
8 8 5 8
8 8 6 -1
8 8 7 -8
8 8 8 -13
8 8 9 -16
8 8 10 -17
8 8 11 -16
8 8 12 -13
8 8 13 -8
8 8 14 -1
8 8 15 8
8 8 16 19
8 8 17 32
8 8 18 47
8 8 19 64
8 9 0 80
8 9 1 61
8 9 2 44
8 9 3 29
8 9 4 16
8 9 5 5
8 9 6 -4
8 9 7 -11
8 9 8 -16
8 9 9 -19
8 9 10 -20
8 9 11 -19
8 9 12 -16
8 9 13 -11
8 9 14 -4
8 9 15 5
8 9 16 16
8 9 17 29
8 9 18 44
8 9 19 61
8 10 0 79
8 10 1 60
8 10 2 43
8 10 3 28
8 10 4 15
8 10 5 4
8 10 6 -5
8 10 7 -12
8 10 8 -17
8 10 9 -20
8 10 10 -21
8 10 11 -20
8 10 12 -17
8 10 13 -12
8 10 14 -5
8 10 15 4
8 10 16 15
8 10 17 28
8 10 18 43
8 10 19 60
8 11 0 80
8 11 1 61
8 11 2 44
8 11 3 29
8 11 4 16
8 11 5 5
8 11 6 -4
8 11 7 -11
8 11 8 -16
8 11 9 -19
8 11 10 -20
8 11 11 -19
8 11 12 -16
8 11 13 -11
8 11 14 -4
8 11 15 5
8 11 16 16
8 11 17 29
8 11 18 44
8 11 19 61
8 12 0 83
8 12 1 64
8 12 2 47
8 12 3 32
8 12 4 19
8 12 5 8
8 12 6 -1
8 12 7 -8
8 12 8 -13
8 12 9 -16
8 12 10 -17
8 12 11 -16
8 12 12 -13
8 12 13 -8
8 12 14 -1
8 12 15 8
8 12 16 19
8 12 17 32
8 12 18 47
8 12 19 64
8 13 0 88
8 13 1 69
8 13 2 52
8 13 3 37
8 13 4 24
8 13 5 13
8 13 6 4
8 13 7 -3
8 13 8 -8
8 13 9 -11
8 13 10 -12
8 13 11 -11
8 13 12 -8
8 13 13 -3
8 13 14 4
8 13 15 13
8 13 16 24
8 13 17 37
8 13 18 52
8 13 19 69
8 14 0 95
8 14 1 76
8 14 2 59
8 14 3 44
8 14 4 31
8 14 5 20
8 14 6 11
8 14 7 4
8 14 8 -1
8 14 9 -4
8 14 10 -5
8 14 11 -4
8 14 12 -1
8 14 13 4
8 14 14 11
8 14 15 20
8 14 16 31
8 14 17 44
8 14 18 59
8 14 19 76
8 15 0 104
8 15 1 85
8 15 2 68
8 15 3 53
8 15 4 40
8 15 5 29
8 15 6 20
8 15 7 13
8 15 8 8
8 15 9 5
8 15 10 4
8 15 11 5
8 15 12 8
8 15 13 13
8 15 14 20
8 15 15 29
8 15 16 40
8 15 17 53
8 15 18 68
8 15 19 85
8 16 0 115
8 16 1 96
8 16 2 79
8 16 3 64
8 16 4 51
8 16 5 40
8 16 6 31
8 16 7 24
8 16 8 19
8 16 9 16
8 16 10 15
8 16 11 16
8 16 12 19
8 16 13 24
8 16 14 31
8 16 15 40
8 16 16 51
8 16 17 64
8 16 18 79
8 16 19 96
8 17 0 128
8 17 1 109
8 17 2 92
8 17 3 77
8 17 4 64
8 17 5 53
8 17 6 44
8 17 7 37
8 17 8 32
8 17 9 29
8 17 10 28
8 17 11 29
8 17 12 32
8 17 13 37
8 17 14 44
8 17 15 53
8 17 16 64
8 17 17 77
8 17 18 92
8 17 19 109
8 18 0 143
8 18 1 124
8 18 2 107
8 18 3 92
8 18 4 79
8 18 5 68
8 18 6 59
8 18 7 52
8 18 8 47
8 18 9 44
8 18 10 43
8 18 11 44
8 18 12 47
8 18 13 52
8 18 14 59
8 18 15 68
8 18 16 79
8 18 17 92
8 18 18 107
8 18 19 124
8 19 0 160
8 19 1 141
8 19 2 124
8 19 3 109
8 19 4 96
8 19 5 85
8 19 6 76
8 19 7 69
8 19 8 64
8 19 9 61
8 19 10 60
8 19 11 61
8 19 12 64
8 19 13 69
8 19 14 76
8 19 15 85
8 19 16 96
8 19 17 109
8 19 18 124
8 19 19 141
9 0 0 176
9 0 1 157
9 0 2 140
9 0 3 125
9 0 4 112
9 0 5 101
9 0 6 92
9 0 7 85
9 0 8 80
9 0 9 77
9 0 10 76
9 0 11 77
9 0 12 80
9 0 13 85
9 0 14 92
9 0 15 101
9 0 16 112
9 0 17 125
9 0 18 140
9 0 19 157
9 1 0 157
9 1 1 138
9 1 2 121
9 1 3 106
9 1 4 93
9 1 5 82
9 1 6 73
9 1 7 66
9 1 8 61
9 1 9 58
9 1 10 57
9 1 11 58
9 1 12 61
9 1 13 66
9 1 14 73
9 1 15 82
9 1 16 93
9 1 17 106
9 1 18 121
9 1 19 138
9 2 0 140
9 2 1 121
9 2 2 104
9 2 3 89
9 2 4 76
9 2 5 65
9 2 6 56
9 2 7 49
9 2 8 44
9 2 9 41
9 2 10 40
9 2 11 41
9 2 12 44
9 2 13 49
9 2 14 56
9 2 15 65
9 2 16 76
9 2 17 89
9 2 18 104
9 2 19 121
9 3 0 125
9 3 1 106
9 3 2 89
9 3 3 74
9 3 4 61
9 3 5 50
9 3 6 41
9 3 7 34
9 3 8 29
9 3 9 26
9 3 10 25
9 3 11 26
9 3 12 29
9 3 13 34
9 3 14 41
9 3 15 50
9 3 16 61
9 3 17 74
9 3 18 89
9 3 19 106
9 4 0 112
9 4 1 93
9 4 2 76
9 4 3 61
9 4 4 48
9 4 5 37
9 4 6 28
9 4 7 21
9 4 8 16
9 4 9 13
9 4 10 12
9 4 11 13
9 4 12 16
9 4 13 21
9 4 14 28
9 4 15 37
9 4 16 48
9 4 17 61
9 4 18 76
9 4 19 93
9 5 0 101
9 5 1 82
9 5 2 65
9 5 3 50
9 5 4 37
9 5 5 26
9 5 6 17
9 5 7 10
9 5 8 5
9 5 9 2
9 5 10 1
9 5 11 2
9 5 12 5
9 5 13 10
9 5 14 17
9 5 15 26
9 5 16 37
9 5 17 50
9 5 18 65
9 5 19 82
9 6 0 92
9 6 1 73
9 6 2 56
9 6 3 41
9 6 4 28
9 6 5 17
9 6 6 8
9 6 7 1
9 6 8 -4
9 6 9 -7
9 6 10 -8
9 6 11 -7
9 6 12 -4
9 6 13 1
9 6 14 8
9 6 15 17
9 6 16 28
9 6 17 41
9 6 18 56
9 6 19 73
9 7 0 85
9 7 1 66
9 7 2 49
9 7 3 34
9 7 4 21
9 7 5 10
9 7 6 1
9 7 7 -6
9 7 8 -11
9 7 9 -14
9 7 10 -15
9 7 11 -14
9 7 12 -11
9 7 13 -6
9 7 14 1
9 7 15 10
9 7 16 21
9 7 17 34
9 7 18 49
9 7 19 66
9 8 0 80
9 8 1 61
9 8 2 44
9 8 3 29
9 8 4 16
9 8 5 5
9 8 6 -4
9 8 7 -11
9 8 8 -16
9 8 9 -19
9 8 10 -20
9 8 11 -19
9 8 12 -16
9 8 13 -11
9 8 14 -4
9 8 15 5
9 8 16 16
9 8 17 29
9 8 18 44
9 8 19 61
9 9 0 77
9 9 1 58
9 9 2 41
9 9 3 26
9 9 4 13
9 9 5 2
9 9 6 -7
9 9 7 -14
9 9 8 -19
9 9 9 -22
9 9 10 -23
9 9 11 -22
9 9 12 -19
9 9 13 -14
9 9 14 -7
9 9 15 2
9 9 16 13
9 9 17 26
9 9 18 41
9 9 19 58
9 10 0 76
9 10 1 57
9 10 2 40
9 10 3 25
9 10 4 12
9 10 5 1
9 10 6 -8
9 10 7 -15
9 10 8 -20
9 10 9 -23
9 10 10 -24
9 10 11 -23
9 10 12 -20
9 10 13 -15
9 10 14 -8
9 10 15 1
9 10 16 12
9 10 17 25
9 10 18 40
9 10 19 57
9 11 0 77
9 11 1 58
9 11 2 41
9 11 3 26
9 11 4 13
9 11 5 2
9 11 6 -7
9 11 7 -14
9 11 8 -19
9 11 9 -22
9 11 10 -23
9 11 11 -22
9 11 12 -19
9 11 13 -14
9 11 14 -7
9 11 15 2
9 11 16 13
9 11 17 26
9 11 18 41
9 11 19 58
9 12 0 80
9 12 1 61
9 12 2 44
9 12 3 29
9 12 4 16
9 12 5 5
9 12 6 -4
9 12 7 -11
9 12 8 -16
9 12 9 -19
9 12 10 -20
9 12 11 -19
9 12 12 -16
9 12 13 -11
9 12 14 -4
9 12 15 5
9 12 16 16
9 12 17 29
9 12 18 44
9 12 19 61
9 13 0 85
9 13 1 66
9 13 2 49
9 13 3 34
9 13 4 21
9 13 5 10
9 13 6 1
9 13 7 -6
9 13 8 -11
9 13 9 -14
9 13 10 -15
9 13 11 -14
9 13 12 -11
9 13 13 -6
9 13 14 1
9 13 15 10
9 13 16 21
9 13 17 34
9 13 18 49
9 13 19 66
9 14 0 92
9 14 1 73
9 14 2 56
9 14 3 41
9 14 4 28
9 14 5 17
9 14 6 8
9 14 7 1
9 14 8 -4
9 14 9 -7
9 14 10 -8
9 14 11 -7
9 14 12 -4
9 14 13 1
9 14 14 8
9 14 15 17
9 14 16 28
9 14 17 41
9 14 18 56
9 14 19 73
9 15 0 101
9 15 1 82
9 15 2 65
9 15 3 50
9 15 4 37
9 15 5 26
9 15 6 17
9 15 7 10
9 15 8 5
9 15 9 2
9 15 10 1
9 15 11 2
9 15 12 5
9 15 13 10
9 15 14 17
9 15 15 26
9 15 16 37
9 15 17 50
9 15 18 65
9 15 19 82
9 16 0 112
9 16 1 93
9 16 2 76
9 16 3 61
9 16 4 48
9 16 5 37
9 16 6 28
9 16 7 21
9 16 8 16
9 16 9 13
9 16 10 12
9 16 11 13
9 16 12 16
9 16 13 21
9 16 14 28
9 16 15 37
9 16 16 48
9 16 17 61
9 16 18 76
9 16 19 93
9 17 0 125
9 17 1 106
9 17 2 89
9 17 3 74
9 17 4 61
9 17 5 50
9 17 6 41
9 17 7 34
9 17 8 29
9 17 9 26
9 17 10 25
9 17 11 26
9 17 12 29
9 17 13 34
9 17 14 41
9 17 15 50
9 17 16 61
9 17 17 74
9 17 18 89
9 17 19 106
9 18 0 140
9 18 1 121
9 18 2 104
9 18 3 89
9 18 4 76
9 18 5 65
9 18 6 56
9 18 7 49
9 18 8 44
9 18 9 41
9 18 10 40
9 18 11 41
9 18 12 44
9 18 13 49
9 18 14 56
9 18 15 65
9 18 16 76
9 18 17 89
9 18 18 104
9 18 19 121
9 19 0 157
9 19 1 138
9 19 2 121
9 19 3 106
9 19 4 93
9 19 5 82
9 19 6 73
9 19 7 66
9 19 8 61
9 19 9 58
9 19 10 57
9 19 11 58
9 19 12 61
9 19 13 66
9 19 14 73
9 19 15 82
9 19 16 93
9 19 17 106
9 19 18 121
9 19 19 138
10 0 0 175
10 0 1 156
10 0 2 139
10 0 3 124
10 0 4 111
10 0 5 100
10 0 6 91
10 0 7 84
10 0 8 79
10 0 9 76
10 0 10 75
10 0 11 76
10 0 12 79
10 0 13 84
10 0 14 91
10 0 15 100
10 0 16 111
10 0 17 124
10 0 18 139
10 0 19 156
10 1 0 156
10 1 1 137
10 1 2 120
10 1 3 105
10 1 4 92
10 1 5 81
10 1 6 72
10 1 7 65
10 1 8 60
10 1 9 57
10 1 10 56
10 1 11 57
10 1 12 60
10 1 13 65
10 1 14 72
10 1 15 81
10 1 16 92
10 1 17 105
10 1 18 120
10 1 19 137
10 2 0 139
10 2 1 120
10 2 2 103
10 2 3 88
10 2 4 75
10 2 5 64
10 2 6 55
10 2 7 48
10 2 8 43
10 2 9 40
10 2 10 39
10 2 11 40
10 2 12 43
10 2 13 48
10 2 14 55
10 2 15 64
10 2 16 75
10 2 17 88
10 2 18 103
10 2 19 120
10 3 0 124
10 3 1 105
10 3 2 88
10 3 3 73
10 3 4 60
10 3 5 49
10 3 6 40
10 3 7 33
10 3 8 28
10 3 9 25
10 3 10 24
10 3 11 25
10 3 12 28
10 3 13 33
10 3 14 40
10 3 15 49
10 3 16 60
10 3 17 73
10 3 18 88
10 3 19 105
10 4 0 111
10 4 1 92
10 4 2 75
10 4 3 60
10 4 4 47
10 4 5 36
10 4 6 27
10 4 7 20
10 4 8 15
10 4 9 12
10 4 10 11
10 4 11 12
10 4 12 15
10 4 13 20
10 4 14 27
10 4 15 36
10 4 16 47
10 4 17 60
10 4 18 75
10 4 19 92
10 5 0 100
10 5 1 81
10 5 2 64
10 5 3 49
10 5 4 36
10 5 5 25
10 5 6 16
10 5 7 9
10 5 8 4
10 5 9 1
10 5 10 0
10 5 11 1
10 5 12 4
10 5 13 9
10 5 14 16
10 5 15 25
10 5 16 36
10 5 17 49
10 5 18 64
10 5 19 81
10 6 0 91
10 6 1 72
10 6 2 55
10 6 3 40
10 6 4 27
10 6 5 16
10 6 6 7
10 6 7 0
10 6 8 -5
10 6 9 -8
10 6 10 -9
10 6 11 -8
10 6 12 -5
10 6 13 0
10 6 14 7
10 6 15 16
10 6 16 27
10 6 17 40
10 6 18 55
10 6 19 72
10 7 0 84
10 7 1 65
10 7 2 48
10 7 3 33
10 7 4 20
10 7 5 9
10 7 6 0
10 7 7 -7
10 7 8 -12
10 7 9 -15
10 7 10 -16
10 7 11 -15
10 7 12 -12
10 7 13 -7
10 7 14 0
10 7 15 9
10 7 16 20
10 7 17 33
10 7 18 48
10 7 19 65
10 8 0 79
10 8 1 60
10 8 2 43
10 8 3 28
10 8 4 15
10 8 5 4
10 8 6 -5
10 8 7 -12
10 8 8 -17
10 8 9 -20
10 8 10 -21
10 8 11 -20
10 8 12 -17
10 8 13 -12
10 8 14 -5
10 8 15 4
10 8 16 15
10 8 17 28
10 8 18 43
10 8 19 60
10 9 0 76
10 9 1 57
10 9 2 40
10 9 3 25
10 9 4 12
10 9 5 1
10 9 6 -8
10 9 7 -15
10 9 8 -20
10 9 9 -23
10 9 10 -24
10 9 11 -23
10 9 12 -20
10 9 13 -15
10 9 14 -8
10 9 15 1
10 9 16 12
10 9 17 25
10 9 18 40
10 9 19 57
10 10 0 75
10 10 1 56
10 10 2 39
10 10 3 24
10 10 4 11
10 10 5 0
10 10 6 -9
10 10 7 -16
10 10 8 -21
10 10 9 -24
10 10 10 -25
10 10 11 -24
10 10 12 -21
10 10 13 -16
10 10 14 -9
10 10 15 0
10 10 16 11
10 10 17 24
10 10 18 39
10 10 19 56
10 11 0 76
10 11 1 57
10 11 2 40
10 11 3 25
10 11 4 12
10 11 5 1
10 11 6 -8
10 11 7 -15
10 11 8 -20
10 11 9 -23
10 11 10 -24
10 11 11 -23
10 11 12 -20
10 11 13 -15
10 11 14 -8
10 11 15 1
10 11 16 12
10 11 17 25
10 11 18 40
10 11 19 57
10 12 0 79
10 12 1 60
10 12 2 43
10 12 3 28
10 12 4 15
10 12 5 4
10 12 6 -5
10 12 7 -12
10 12 8 -17
10 12 9 -20
10 12 10 -21
10 12 11 -20
10 12 12 -17
10 12 13 -12
10 12 14 -5
10 12 15 4
10 12 16 15
10 12 17 28
10 12 18 43
10 12 19 60
10 13 0 84
10 13 1 65
10 13 2 48
10 13 3 33
10 13 4 20
10 13 5 9
10 13 6 0
10 13 7 -7
10 13 8 -12
10 13 9 -15
10 13 10 -16
10 13 11 -15
10 13 12 -12
10 13 13 -7
10 13 14 0
10 13 15 9
10 13 16 20
10 13 17 33
10 13 18 48
10 13 19 65
10 14 0 91
10 14 1 72
10 14 2 55
10 14 3 40
10 14 4 27
10 14 5 16
10 14 6 7
10 14 7 0
10 14 8 -5
10 14 9 -8
10 14 10 -9
10 14 11 -8
10 14 12 -5
10 14 13 0
10 14 14 7
10 14 15 16
10 14 16 27
10 14 17 40
10 14 18 55
10 14 19 72
10 15 0 100
10 15 1 81
10 15 2 64
10 15 3 49
10 15 4 36
10 15 5 25
10 15 6 16
10 15 7 9
10 15 8 4
10 15 9 1
10 15 10 0
10 15 11 1
10 15 12 4
10 15 13 9
10 15 14 16
10 15 15 25
10 15 16 36
10 15 17 49
10 15 18 64
10 15 19 81
10 16 0 111
10 16 1 92
10 16 2 75
10 16 3 60
10 16 4 47
10 16 5 36
10 16 6 27
10 16 7 20
10 16 8 15
10 16 9 12
10 16 10 11
10 16 11 12
10 16 12 15
10 16 13 20
10 16 14 27
10 16 15 36
10 16 16 47
10 16 17 60
10 16 18 75
10 16 19 92
10 17 0 124
10 17 1 105
10 17 2 88
10 17 3 73
10 17 4 60
10 17 5 49
10 17 6 40
10 17 7 33
10 17 8 28
10 17 9 25
10 17 10 24
10 17 11 25
10 17 12 28
10 17 13 33
10 17 14 40
10 17 15 49
10 17 16 60
10 17 17 73
10 17 18 88
10 17 19 105
10 18 0 139
10 18 1 120
10 18 2 103
10 18 3 88
10 18 4 75
10 18 5 64
10 18 6 55
10 18 7 48
10 18 8 43
10 18 9 40
10 18 10 39
10 18 11 40
10 18 12 43
10 18 13 48
10 18 14 55
10 18 15 64
10 18 16 75
10 18 17 88
10 18 18 103
10 18 19 120
10 19 0 156
10 19 1 137
10 19 2 120
10 19 3 105
10 19 4 92
10 19 5 81
10 19 6 72
10 19 7 65
10 19 8 60
10 19 9 57
10 19 10 56
10 19 11 57
10 19 12 60
10 19 13 65
10 19 14 72
10 19 15 81
10 19 16 92
10 19 17 105
10 19 18 120
10 19 19 137
11 0 0 176
11 0 1 157
11 0 2 140
11 0 3 125
11 0 4 112
11 0 5 101
11 0 6 92
11 0 7 85
11 0 8 80
11 0 9 77
11 0 10 76
11 0 11 77
11 0 12 80
11 0 13 85
11 0 14 92
11 0 15 101
11 0 16 112
11 0 17 125
11 0 18 140
11 0 19 157
11 1 0 157
11 1 1 138
11 1 2 121
11 1 3 106
11 1 4 93
11 1 5 82
11 1 6 73
11 1 7 66
11 1 8 61
11 1 9 58
11 1 10 57
11 1 11 58
11 1 12 61
11 1 13 66
11 1 14 73
11 1 15 82
11 1 16 93
11 1 17 106
11 1 18 121
11 1 19 138
11 2 0 140
11 2 1 121
11 2 2 104
11 2 3 89
11 2 4 76
11 2 5 65
11 2 6 56
11 2 7 49
11 2 8 44
11 2 9 41
11 2 10 40
11 2 11 41
11 2 12 44
11 2 13 49
11 2 14 56
11 2 15 65
11 2 16 76
11 2 17 89
11 2 18 104
11 2 19 121
11 3 0 125
11 3 1 106
11 3 2 89
11 3 3 74
11 3 4 61
11 3 5 50
11 3 6 41
11 3 7 34
11 3 8 29
11 3 9 26
11 3 10 25
11 3 11 26
11 3 12 29
11 3 13 34
11 3 14 41
11 3 15 50
11 3 16 61
11 3 17 74
11 3 18 89
11 3 19 106
11 4 0 112
11 4 1 93
11 4 2 76
11 4 3 61
11 4 4 48
11 4 5 37
11 4 6 28
11 4 7 21
11 4 8 16
11 4 9 13
11 4 10 12
11 4 11 13
11 4 12 16
11 4 13 21
11 4 14 28
11 4 15 37
11 4 16 48
11 4 17 61
11 4 18 76
11 4 19 93
11 5 0 101
11 5 1 82
11 5 2 65
11 5 3 50
11 5 4 37
11 5 5 26
11 5 6 17
11 5 7 10
11 5 8 5
11 5 9 2
11 5 10 1
11 5 11 2
11 5 12 5
11 5 13 10
11 5 14 17
11 5 15 26
11 5 16 37
11 5 17 50
11 5 18 65
11 5 19 82
11 6 0 92
11 6 1 73
11 6 2 56
11 6 3 41
11 6 4 28
11 6 5 17
11 6 6 8
11 6 7 1
11 6 8 -4
11 6 9 -7
11 6 10 -8
11 6 11 -7
11 6 12 -4
11 6 13 1
11 6 14 8
11 6 15 17
11 6 16 28
11 6 17 41
11 6 18 56
11 6 19 73
11 7 0 85
11 7 1 66
11 7 2 49
11 7 3 34
11 7 4 21
11 7 5 10
11 7 6 1
11 7 7 -6
11 7 8 -11
11 7 9 -14
11 7 10 -15
11 7 11 -14
11 7 12 -11
11 7 13 -6
11 7 14 1
11 7 15 10
11 7 16 21
11 7 17 34
11 7 18 49
11 7 19 66
11 8 0 80
11 8 1 61
11 8 2 44
11 8 3 29
11 8 4 16
11 8 5 5
11 8 6 -4
11 8 7 -11
11 8 8 -16
11 8 9 -19
11 8 10 -20
11 8 11 -19
11 8 12 -16
11 8 13 -11
11 8 14 -4
11 8 15 5
11 8 16 16
11 8 17 29
11 8 18 44
11 8 19 61
11 9 0 77
11 9 1 58
11 9 2 41
11 9 3 26
11 9 4 13
11 9 5 2
11 9 6 -7
11 9 7 -14
11 9 8 -19
11 9 9 -22
11 9 10 -23
11 9 11 -22
11 9 12 -19
11 9 13 -14
11 9 14 -7
11 9 15 2
11 9 16 13
11 9 17 26
11 9 18 41
11 9 19 58
11 10 0 76
11 10 1 57
11 10 2 40
11 10 3 25
11 10 4 12
11 10 5 1
11 10 6 -8
11 10 7 -15
11 10 8 -20
11 10 9 -23
11 10 10 -24
11 10 11 -23
11 10 12 -20
11 10 13 -15
11 10 14 -8
11 10 15 1
11 10 16 12
11 10 17 25
11 10 18 40
11 10 19 57
11 11 0 77
11 11 1 58
11 11 2 41
11 11 3 26
11 11 4 13
11 11 5 2
11 11 6 -7
11 11 7 -14
11 11 8 -19
11 11 9 -22
11 11 10 -23
11 11 11 -22
11 11 12 -19
11 11 13 -14
11 11 14 -7
11 11 15 2
11 11 16 13
11 11 17 26
11 11 18 41
11 11 19 58
11 12 0 80
11 12 1 61
11 12 2 44
11 12 3 29
11 12 4 16
11 12 5 5
11 12 6 -4
11 12 7 -11
11 12 8 -16
11 12 9 -19
11 12 10 -20
11 12 11 -19
11 12 12 -16
11 12 13 -11
11 12 14 -4
11 12 15 5
11 12 16 16
11 12 17 29
11 12 18 44
11 12 19 61
11 13 0 85
11 13 1 66
11 13 2 49
11 13 3 34
11 13 4 21
11 13 5 10
11 13 6 1
11 13 7 -6
11 13 8 -11
11 13 9 -14
11 13 10 -15
11 13 11 -14
11 13 12 -11
11 13 13 -6
11 13 14 1
11 13 15 10
11 13 16 21
11 13 17 34
11 13 18 49
11 13 19 66
11 14 0 92
11 14 1 73
11 14 2 56
11 14 3 41
11 14 4 28
11 14 5 17
11 14 6 8
11 14 7 1
11 14 8 -4
11 14 9 -7
11 14 10 -8
11 14 11 -7
11 14 12 -4
11 14 13 1
11 14 14 8
11 14 15 17
11 14 16 28
11 14 17 41
11 14 18 56
11 14 19 73
11 15 0 101
11 15 1 82
11 15 2 65
11 15 3 50
11 15 4 37
11 15 5 26
11 15 6 17
11 15 7 10
11 15 8 5
11 15 9 2
11 15 10 1
11 15 11 2
11 15 12 5
11 15 13 10
11 15 14 17
11 15 15 26
11 15 16 37
11 15 17 50
11 15 18 65
11 15 19 82
11 16 0 112
11 16 1 93
11 16 2 76
11 16 3 61
11 16 4 48
11 16 5 37
11 16 6 28
11 16 7 21
11 16 8 16
11 16 9 13
11 16 10 12
11 16 11 13
11 16 12 16
11 16 13 21
11 16 14 28
11 16 15 37
11 16 16 48
11 16 17 61
11 16 18 76
11 16 19 93
11 17 0 125
11 17 1 106
11 17 2 89
11 17 3 74
11 17 4 61
11 17 5 50
11 17 6 41
11 17 7 34
11 17 8 29
11 17 9 26
11 17 10 25
11 17 11 26
11 17 12 29
11 17 13 34
11 17 14 41
11 17 15 50
11 17 16 61
11 17 17 74
11 17 18 89
11 17 19 106
11 18 0 140
11 18 1 121
11 18 2 104
11 18 3 89
11 18 4 76
11 18 5 65
11 18 6 56
11 18 7 49
11 18 8 44
11 18 9 41
11 18 10 40
11 18 11 41
11 18 12 44
11 18 13 49
11 18 14 56
11 18 15 65
11 18 16 76
11 18 17 89
11 18 18 104
11 18 19 121
11 19 0 157
11 19 1 138
11 19 2 121
11 19 3 106
11 19 4 93
11 19 5 82
11 19 6 73
11 19 7 66
11 19 8 61
11 19 9 58
11 19 10 57
11 19 11 58
11 19 12 61
11 19 13 66
11 19 14 73
11 19 15 82
11 19 16 93
11 19 17 106
11 19 18 121
11 19 19 138
12 0 0 179
12 0 1 160
12 0 2 143
12 0 3 128
12 0 4 115
12 0 5 104
12 0 6 95
12 0 7 88
12 0 8 83
12 0 9 80
12 0 10 79
12 0 11 80
12 0 12 83
12 0 13 88
12 0 14 95
12 0 15 104
12 0 16 115
12 0 17 128
12 0 18 143
12 0 19 160
12 1 0 160
12 1 1 141
12 1 2 124
12 1 3 109
12 1 4 96
12 1 5 85
12 1 6 76
12 1 7 69
12 1 8 64
12 1 9 61
12 1 10 60
12 1 11 61
12 1 12 64
12 1 13 69
12 1 14 76
12 1 15 85
12 1 16 96
12 1 17 109
12 1 18 124
12 1 19 141
12 2 0 143
12 2 1 124
12 2 2 107
12 2 3 92
12 2 4 79
12 2 5 68
12 2 6 59
12 2 7 52
12 2 8 47
12 2 9 44
12 2 10 43
12 2 11 44
12 2 12 47
12 2 13 52
12 2 14 59
12 2 15 68
12 2 16 79
12 2 17 92
12 2 18 107
12 2 19 124
12 3 0 128
12 3 1 109
12 3 2 92
12 3 3 77
12 3 4 64
12 3 5 53
12 3 6 44
12 3 7 37
12 3 8 32
12 3 9 29
12 3 10 28
12 3 11 29
12 3 12 32
12 3 13 37
12 3 14 44
12 3 15 53
12 3 16 64
12 3 17 77
12 3 18 92
12 3 19 109
12 4 0 115
12 4 1 96
12 4 2 79
12 4 3 64
12 4 4 51
12 4 5 40
12 4 6 31
12 4 7 24
12 4 8 19
12 4 9 16
12 4 10 15
12 4 11 16
12 4 12 19
12 4 13 24
12 4 14 31
12 4 15 40
12 4 16 51
12 4 17 64
12 4 18 79
12 4 19 96
12 5 0 104
12 5 1 85
12 5 2 68
12 5 3 53
12 5 4 40
12 5 5 29
12 5 6 20
12 5 7 13
12 5 8 8
12 5 9 5
12 5 10 4
12 5 11 5
12 5 12 8
12 5 13 13
12 5 14 20
12 5 15 29
12 5 16 40
12 5 17 53
12 5 18 68
12 5 19 85
12 6 0 95
12 6 1 76
12 6 2 59
12 6 3 44
12 6 4 31
12 6 5 20
12 6 6 11
12 6 7 4
12 6 8 -1
12 6 9 -4
12 6 10 -5
12 6 11 -4
12 6 12 -1
12 6 13 4
12 6 14 11
12 6 15 20
12 6 16 31
12 6 17 44
12 6 18 59
12 6 19 76
12 7 0 88
12 7 1 69
12 7 2 52
12 7 3 37
12 7 4 24
12 7 5 13
12 7 6 4
12 7 7 -3
12 7 8 -8
12 7 9 -11
12 7 10 -12
12 7 11 -11
12 7 12 -8
12 7 13 -3
12 7 14 4
12 7 15 13
12 7 16 24
12 7 17 37
12 7 18 52
12 7 19 69
12 8 0 83
12 8 1 64
12 8 2 47
12 8 3 32
12 8 4 19
12 8 5 8
12 8 6 -1
12 8 7 -8
12 8 8 -13
12 8 9 -16
12 8 10 -17
12 8 11 -16
12 8 12 -13
12 8 13 -8
12 8 14 -1
12 8 15 8
12 8 16 19
12 8 17 32
12 8 18 47
12 8 19 64
12 9 0 80
12 9 1 61
12 9 2 44
12 9 3 29
12 9 4 16
12 9 5 5
12 9 6 -4
12 9 7 -11
12 9 8 -16
12 9 9 -19
12 9 10 -20
12 9 11 -19
12 9 12 -16
12 9 13 -11
12 9 14 -4
12 9 15 5
12 9 16 16
12 9 17 29
12 9 18 44
12 9 19 61
12 10 0 79
12 10 1 60
12 10 2 43
12 10 3 28
12 10 4 15
12 10 5 4
12 10 6 -5
12 10 7 -12
12 10 8 -17
12 10 9 -20
12 10 10 -21
12 10 11 -20
12 10 12 -17
12 10 13 -12
12 10 14 -5
12 10 15 4
12 10 16 15
12 10 17 28
12 10 18 43
12 10 19 60
12 11 0 80
12 11 1 61
12 11 2 44
12 11 3 29
12 11 4 16
12 11 5 5
12 11 6 -4
12 11 7 -11
12 11 8 -16
12 11 9 -19
12 11 10 -20
12 11 11 -19
12 11 12 -16
12 11 13 -11
12 11 14 -4
12 11 15 5
12 11 16 16
12 11 17 29
12 11 18 44
12 11 19 61
12 12 0 83
12 12 1 64
12 12 2 47
12 12 3 32
12 12 4 19
12 12 5 8
12 12 6 -1
12 12 7 -8
12 12 8 -13
12 12 9 -16
12 12 10 -17
12 12 11 -16
12 12 12 -13
12 12 13 -8
12 12 14 -1
12 12 15 8
12 12 16 19
12 12 17 32
12 12 18 47
12 12 19 64
12 13 0 88
12 13 1 69
12 13 2 52
12 13 3 37
12 13 4 24
12 13 5 13
12 13 6 4
12 13 7 -3
12 13 8 -8
12 13 9 -11
12 13 10 -12
12 13 11 -11
12 13 12 -8
12 13 13 -3
12 13 14 4
12 13 15 13
12 13 16 24
12 13 17 37
12 13 18 52
12 13 19 69
12 14 0 95
12 14 1 76
12 14 2 59
12 14 3 44
12 14 4 31
12 14 5 20
12 14 6 11
12 14 7 4
12 14 8 -1
12 14 9 -4
12 14 10 -5
12 14 11 -4
12 14 12 -1
12 14 13 4
12 14 14 11
12 14 15 20
12 14 16 31
12 14 17 44
12 14 18 59
12 14 19 76
12 15 0 104
12 15 1 85
12 15 2 68
12 15 3 53
12 15 4 40
12 15 5 29
12 15 6 20
12 15 7 13
12 15 8 8
12 15 9 5
12 15 10 4
12 15 11 5
12 15 12 8
12 15 13 13
12 15 14 20
12 15 15 29
12 15 16 40
12 15 17 53
12 15 18 68
12 15 19 85
12 16 0 115
12 16 1 96
12 16 2 79
12 16 3 64
12 16 4 51
12 16 5 40
12 16 6 31
12 16 7 24
12 16 8 19
12 16 9 16
12 16 10 15
12 16 11 16
12 16 12 19
12 16 13 24
12 16 14 31
12 16 15 40
12 16 16 51
12 16 17 64
12 16 18 79
12 16 19 96
12 17 0 128
12 17 1 109
12 17 2 92
12 17 3 77
12 17 4 64
12 17 5 53
12 17 6 44
12 17 7 37
12 17 8 32
12 17 9 29
12 17 10 28
12 17 11 29
12 17 12 32
12 17 13 37
12 17 14 44
12 17 15 53
12 17 16 64
12 17 17 77
12 17 18 92
12 17 19 109
12 18 0 143
12 18 1 124
12 18 2 107
12 18 3 92
12 18 4 79
12 18 5 68
12 18 6 59
12 18 7 52
12 18 8 47
12 18 9 44
12 18 10 43
12 18 11 44
12 18 12 47
12 18 13 52
12 18 14 59
12 18 15 68
12 18 16 79
12 18 17 92
12 18 18 107
12 18 19 124
12 19 0 160
12 19 1 141
12 19 2 124
12 19 3 109
12 19 4 96
12 19 5 85
12 19 6 76
12 19 7 69
12 19 8 64
12 19 9 61
12 19 10 60
12 19 11 61
12 19 12 64
12 19 13 69
12 19 14 76
12 19 15 85
12 19 16 96
12 19 17 109
12 19 18 124
12 19 19 141
13 0 0 184
13 0 1 165
13 0 2 148
13 0 3 133
13 0 4 120
13 0 5 109
13 0 6 100
13 0 7 93
13 0 8 88
13 0 9 85
13 0 10 84
13 0 11 85
13 0 12 88
13 0 13 93
13 0 14 100
13 0 15 109
13 0 16 120
13 0 17 133
13 0 18 148
13 0 19 165
13 1 0 165
13 1 1 146
13 1 2 129
13 1 3 114
13 1 4 101
13 1 5 90
13 1 6 81
13 1 7 74
13 1 8 69
13 1 9 66
13 1 10 65
13 1 11 66
13 1 12 69
13 1 13 74
13 1 14 81
13 1 15 90
13 1 16 101
13 1 17 114
13 1 18 129
13 1 19 146
13 2 0 148
13 2 1 129
13 2 2 112
13 2 3 97
13 2 4 84
13 2 5 73
13 2 6 64
13 2 7 57
13 2 8 52
13 2 9 49
13 2 10 48
13 2 11 49
13 2 12 52
13 2 13 57
13 2 14 64
13 2 15 73
13 2 16 84
13 2 17 97
13 2 18 112
13 2 19 129
13 3 0 133
13 3 1 114
13 3 2 97
13 3 3 82
13 3 4 69
13 3 5 58
13 3 6 49
13 3 7 42
13 3 8 37
13 3 9 34
13 3 10 33
13 3 11 34
13 3 12 37
13 3 13 42
13 3 14 49
13 3 15 58
13 3 16 69
13 3 17 82
13 3 18 97
13 3 19 114
13 4 0 120
13 4 1 101
13 4 2 84
13 4 3 69
13 4 4 56
13 4 5 45
13 4 6 36
13 4 7 29
13 4 8 24
13 4 9 21
13 4 10 20
13 4 11 21
13 4 12 24
13 4 13 29
13 4 14 36
13 4 15 45
13 4 16 56
13 4 17 69
13 4 18 84
13 4 19 101
13 5 0 109
13 5 1 90
13 5 2 73
13 5 3 58
13 5 4 45
13 5 5 34
13 5 6 25
13 5 7 18
13 5 8 13
13 5 9 10
13 5 10 9
13 5 11 10
13 5 12 13
13 5 13 18
13 5 14 25
13 5 15 34
13 5 16 45
13 5 17 58
13 5 18 73
13 5 19 90
13 6 0 100
13 6 1 81
13 6 2 64
13 6 3 49
13 6 4 36
13 6 5 25
13 6 6 16
13 6 7 9
13 6 8 4
13 6 9 1
13 6 10 0
13 6 11 1
13 6 12 4
13 6 13 9
13 6 14 16
13 6 15 25
13 6 16 36
13 6 17 49
13 6 18 64
13 6 19 81
13 7 0 93
13 7 1 74
13 7 2 57
13 7 3 42
13 7 4 29
13 7 5 18
13 7 6 9
13 7 7 2
13 7 8 -3
13 7 9 -6
13 7 10 -7
13 7 11 -6
13 7 12 -3
13 7 13 2
13 7 14 9
13 7 15 18
13 7 16 29
13 7 17 42
13 7 18 57
13 7 19 74
13 8 0 88
13 8 1 69
13 8 2 52
13 8 3 37
13 8 4 24
13 8 5 13
13 8 6 4
13 8 7 -3
13 8 8 -8
13 8 9 -11
13 8 10 -12
13 8 11 -11
13 8 12 -8
13 8 13 -3
13 8 14 4
13 8 15 13
13 8 16 24
13 8 17 37
13 8 18 52
13 8 19 69
13 9 0 85
13 9 1 66
13 9 2 49
13 9 3 34
13 9 4 21
13 9 5 10
13 9 6 1
13 9 7 -6
13 9 8 -11
13 9 9 -14
13 9 10 -15
13 9 11 -14
13 9 12 -11
13 9 13 -6
13 9 14 1
13 9 15 10
13 9 16 21
13 9 17 34
13 9 18 49
13 9 19 66
13 10 0 84
13 10 1 65
13 10 2 48
13 10 3 33
13 10 4 20
13 10 5 9
13 10 6 0
13 10 7 -7
13 10 8 -12
13 10 9 -15
13 10 10 -16
13 10 11 -15
13 10 12 -12
13 10 13 -7
13 10 14 0
13 10 15 9
13 10 16 20
13 10 17 33
13 10 18 48
13 10 19 65
13 11 0 85
13 11 1 66
13 11 2 49
13 11 3 34
13 11 4 21
13 11 5 10
13 11 6 1
13 11 7 -6
13 11 8 -11
13 11 9 -14
13 11 10 -15
13 11 11 -14
13 11 12 -11
13 11 13 -6
13 11 14 1
13 11 15 10
13 11 16 21
13 11 17 34
13 11 18 49
13 11 19 66
13 12 0 88
13 12 1 69
13 12 2 52
13 12 3 37
13 12 4 24
13 12 5 13
13 12 6 4
13 12 7 -3
13 12 8 -8
13 12 9 -11
13 12 10 -12
13 12 11 -11
13 12 12 -8
13 12 13 -3
13 12 14 4
13 12 15 13
13 12 16 24
13 12 17 37
13 12 18 52
13 12 19 69
13 13 0 93
13 13 1 74
13 13 2 57
13 13 3 42
13 13 4 29
13 13 5 18
13 13 6 9
13 13 7 2
13 13 8 -3
13 13 9 -6
13 13 10 -7
13 13 11 -6
13 13 12 -3
13 13 13 2
13 13 14 9
13 13 15 18
13 13 16 29
13 13 17 42
13 13 18 57
13 13 19 74
13 14 0 100
13 14 1 81
13 14 2 64
13 14 3 49
13 14 4 36
13 14 5 25
13 14 6 16
13 14 7 9
13 14 8 4
13 14 9 1
13 14 10 0
13 14 11 1
13 14 12 4
13 14 13 9
13 14 14 16
13 14 15 25
13 14 16 36
13 14 17 49
13 14 18 64
13 14 19 81
13 15 0 109
13 15 1 90
13 15 2 73
13 15 3 58
13 15 4 45
13 15 5 34
13 15 6 25
13 15 7 18
13 15 8 13
13 15 9 10
13 15 10 9
13 15 11 10
13 15 12 13
13 15 13 18
13 15 14 25
13 15 15 34
13 15 16 45
13 15 17 58
13 15 18 73
13 15 19 90
13 16 0 120
13 16 1 101
13 16 2 84
13 16 3 69
13 16 4 56
13 16 5 45
13 16 6 36
13 16 7 29
13 16 8 24
13 16 9 21
13 16 10 20
13 16 11 21
13 16 12 24
13 16 13 29
13 16 14 36
13 16 15 45
13 16 16 56
13 16 17 69
13 16 18 84
13 16 19 101
13 17 0 133
13 17 1 114
13 17 2 97
13 17 3 82
13 17 4 69
13 17 5 58
13 17 6 49
13 17 7 42
13 17 8 37
13 17 9 34
13 17 10 33
13 17 11 34
13 17 12 37
13 17 13 42
13 17 14 49
13 17 15 58
13 17 16 69
13 17 17 82
13 17 18 97
13 17 19 114
13 18 0 148
13 18 1 129
13 18 2 112
13 18 3 97
13 18 4 84
13 18 5 73
13 18 6 64
13 18 7 57
13 18 8 52
13 18 9 49
13 18 10 48
13 18 11 49
13 18 12 52
13 18 13 57
13 18 14 64
13 18 15 73
13 18 16 84
13 18 17 97
13 18 18 112
13 18 19 129
13 19 0 165
13 19 1 146
13 19 2 129
13 19 3 114
13 19 4 101
13 19 5 90
13 19 6 81
13 19 7 74
13 19 8 69
13 19 9 66
13 19 10 65
13 19 11 66
13 19 12 69
13 19 13 74
13 19 14 81
13 19 15 90
13 19 16 101
13 19 17 114
13 19 18 129
13 19 19 146
14 0 0 191
14 0 1 172
14 0 2 155
14 0 3 140
14 0 4 127
14 0 5 116
14 0 6 107
14 0 7 100
14 0 8 95
14 0 9 92
14 0 10 91
14 0 11 92
14 0 12 95
14 0 13 100
14 0 14 107
14 0 15 116
14 0 16 127
14 0 17 140
14 0 18 155
14 0 19 172
14 1 0 172
14 1 1 153
14 1 2 136
14 1 3 121
14 1 4 108
14 1 5 97
14 1 6 88
14 1 7 81
14 1 8 76
14 1 9 73
14 1 10 72
14 1 11 73
14 1 12 76
14 1 13 81
14 1 14 88
14 1 15 97
14 1 16 108
14 1 17 121
14 1 18 136
14 1 19 153
14 2 0 155
14 2 1 136
14 2 2 119
14 2 3 104
14 2 4 91
14 2 5 80
14 2 6 71
14 2 7 64
14 2 8 59
14 2 9 56
14 2 10 55
14 2 11 56
14 2 12 59
14 2 13 64
14 2 14 71
14 2 15 80
14 2 16 91
14 2 17 104
14 2 18 119
14 2 19 136
14 3 0 140
14 3 1 121
14 3 2 104
14 3 3 89
14 3 4 76
14 3 5 65
14 3 6 56
14 3 7 49
14 3 8 44
14 3 9 41
14 3 10 40
14 3 11 41
14 3 12 44
14 3 13 49
14 3 14 56
14 3 15 65
14 3 16 76
14 3 17 89
14 3 18 104
14 3 19 121
14 4 0 127
14 4 1 108
14 4 2 91
14 4 3 76
14 4 4 63
14 4 5 52
14 4 6 43
14 4 7 36
14 4 8 31
14 4 9 28
14 4 10 27
14 4 11 28
14 4 12 31
14 4 13 36
14 4 14 43
14 4 15 52
14 4 16 63
14 4 17 76
14 4 18 91
14 4 19 108
14 5 0 116
14 5 1 97
14 5 2 80
14 5 3 65
14 5 4 52
14 5 5 41
14 5 6 32
14 5 7 25
14 5 8 20
14 5 9 17
14 5 10 16
14 5 11 17
14 5 12 20
14 5 13 25
14 5 14 32
14 5 15 41
14 5 16 52
14 5 17 65
14 5 18 80
14 5 19 97
14 6 0 107
14 6 1 88
14 6 2 71
14 6 3 56
14 6 4 43
14 6 5 32
14 6 6 23
14 6 7 16
14 6 8 11
14 6 9 8
14 6 10 7
14 6 11 8
14 6 12 11
14 6 13 16
14 6 14 23
14 6 15 32
14 6 16 43
14 6 17 56
14 6 18 71
14 6 19 88
14 7 0 100
14 7 1 81
14 7 2 64
14 7 3 49
14 7 4 36
14 7 5 25
14 7 6 16
14 7 7 9
14 7 8 4
14 7 9 1
14 7 10 0
14 7 11 1
14 7 12 4
14 7 13 9
14 7 14 16
14 7 15 25
14 7 16 36
14 7 17 49
14 7 18 64
14 7 19 81
14 8 0 95
14 8 1 76
14 8 2 59
14 8 3 44
14 8 4 31
14 8 5 20
14 8 6 11
14 8 7 4
14 8 8 -1
14 8 9 -4
14 8 10 -5
14 8 11 -4
14 8 12 -1
14 8 13 4
14 8 14 11
14 8 15 20
14 8 16 31
14 8 17 44
14 8 18 59
14 8 19 76
14 9 0 92
14 9 1 73
14 9 2 56
14 9 3 41
14 9 4 28
14 9 5 17
14 9 6 8
14 9 7 1
14 9 8 -4
14 9 9 -7
14 9 10 -8
14 9 11 -7
14 9 12 -4
14 9 13 1
14 9 14 8
14 9 15 17
14 9 16 28
14 9 17 41
14 9 18 56
14 9 19 73
14 10 0 91
14 10 1 72
14 10 2 55
14 10 3 40
14 10 4 27
14 10 5 16
14 10 6 7
14 10 7 0
14 10 8 -5
14 10 9 -8
14 10 10 -9
14 10 11 -8
14 10 12 -5
14 10 13 0
14 10 14 7
14 10 15 16
14 10 16 27
14 10 17 40
14 10 18 55
14 10 19 72
14 11 0 92
14 11 1 73
14 11 2 56
14 11 3 41
14 11 4 28
14 11 5 17
14 11 6 8
14 11 7 1
14 11 8 -4
14 11 9 -7
14 11 10 -8
14 11 11 -7
14 11 12 -4
14 11 13 1
14 11 14 8
14 11 15 17
14 11 16 28
14 11 17 41
14 11 18 56
14 11 19 73
14 12 0 95
14 12 1 76
14 12 2 59
14 12 3 44
14 12 4 31
14 12 5 20
14 12 6 11
14 12 7 4
14 12 8 -1
14 12 9 -4
14 12 10 -5
14 12 11 -4
14 12 12 -1
14 12 13 4
14 12 14 11
14 12 15 20
14 12 16 31
14 12 17 44
14 12 18 59
14 12 19 76
14 13 0 100
14 13 1 81
14 13 2 64
14 13 3 49
14 13 4 36
14 13 5 25
14 13 6 16
14 13 7 9
14 13 8 4
14 13 9 1
14 13 10 0
14 13 11 1
14 13 12 4
14 13 13 9
14 13 14 16
14 13 15 25
14 13 16 36
14 13 17 49
14 13 18 64
14 13 19 81
14 14 0 107
14 14 1 88
14 14 2 71
14 14 3 56
14 14 4 43
14 14 5 32
14 14 6 23
14 14 7 16
14 14 8 11
14 14 9 8
14 14 10 7
14 14 11 8
14 14 12 11
14 14 13 16
14 14 14 23
14 14 15 32
14 14 16 43
14 14 17 56
14 14 18 71
14 14 19 88
14 15 0 116
14 15 1 97
14 15 2 80
14 15 3 65
14 15 4 52
14 15 5 41
14 15 6 32
14 15 7 25
14 15 8 20
14 15 9 17
14 15 10 16
14 15 11 17
14 15 12 20
14 15 13 25
14 15 14 32
14 15 15 41
14 15 16 52
14 15 17 65
14 15 18 80
14 15 19 97
14 16 0 127
14 16 1 108
14 16 2 91
14 16 3 76
14 16 4 63
14 16 5 52
14 16 6 43
14 16 7 36
14 16 8 31
14 16 9 28
14 16 10 27
14 16 11 28
14 16 12 31
14 16 13 36
14 16 14 43
14 16 15 52
14 16 16 63
14 16 17 76
14 16 18 91
14 16 19 108
14 17 0 140
14 17 1 121
14 17 2 104
14 17 3 89
14 17 4 76
14 17 5 65
14 17 6 56
14 17 7 49
14 17 8 44
14 17 9 41
14 17 10 40
14 17 11 41
14 17 12 44
14 17 13 49
14 17 14 56
14 17 15 65
14 17 16 76
14 17 17 89
14 17 18 104
14 17 19 121
14 18 0 155
14 18 1 136
14 18 2 119
14 18 3 104
14 18 4 91
14 18 5 80
14 18 6 71
14 18 7 64
14 18 8 59
14 18 9 56
14 18 10 55
14 18 11 56
14 18 12 59
14 18 13 64
14 18 14 71
14 18 15 80
14 18 16 91
14 18 17 104
14 18 18 119
14 18 19 136
14 19 0 172
14 19 1 153
14 19 2 136
14 19 3 121
14 19 4 108
14 19 5 97
14 19 6 88
14 19 7 81
14 19 8 76
14 19 9 73
14 19 10 72
14 19 11 73
14 19 12 76
14 19 13 81
14 19 14 88
14 19 15 97
14 19 16 108
14 19 17 121
14 19 18 136
14 19 19 153
15 0 0 200
15 0 1 181
15 0 2 164
15 0 3 149
15 0 4 136
15 0 5 125
15 0 6 116
15 0 7 109
15 0 8 104
15 0 9 101
15 0 10 100
15 0 11 101
15 0 12 104
15 0 13 109
15 0 14 116
15 0 15 125
15 0 16 136
15 0 17 149
15 0 18 164
15 0 19 181
15 1 0 181
15 1 1 162
15 1 2 145
15 1 3 130
15 1 4 117
15 1 5 106
15 1 6 97
15 1 7 90
15 1 8 85
15 1 9 82
15 1 10 81
15 1 11 82
15 1 12 85
15 1 13 90
15 1 14 97
15 1 15 106
15 1 16 117
15 1 17 130
15 1 18 145
15 1 19 162
15 2 0 164
15 2 1 145
15 2 2 128
15 2 3 113
15 2 4 100
15 2 5 89
15 2 6 80
15 2 7 73
15 2 8 68
15 2 9 65
15 2 10 64
15 2 11 65
15 2 12 68
15 2 13 73
15 2 14 80
15 2 15 89
15 2 16 100
15 2 17 113
15 2 18 128
15 2 19 145
15 3 0 149
15 3 1 130
15 3 2 113
15 3 3 98
15 3 4 85
15 3 5 74
15 3 6 65
15 3 7 58
15 3 8 53
15 3 9 50
15 3 10 49
15 3 11 50
15 3 12 53
15 3 13 58
15 3 14 65
15 3 15 74
15 3 16 85
15 3 17 98
15 3 18 113
15 3 19 130
15 4 0 136
15 4 1 117
15 4 2 100
15 4 3 85
15 4 4 72
15 4 5 61
15 4 6 52
15 4 7 45
15 4 8 40
15 4 9 37
15 4 10 36
15 4 11 37
15 4 12 40
15 4 13 45
15 4 14 52
15 4 15 61
15 4 16 72
15 4 17 85
15 4 18 100
15 4 19 117
15 5 0 125
15 5 1 106
15 5 2 89
15 5 3 74
15 5 4 61
15 5 5 50
15 5 6 41
15 5 7 34
15 5 8 29
15 5 9 26
15 5 10 25
15 5 11 26
15 5 12 29
15 5 13 34
15 5 14 41
15 5 15 50
15 5 16 61
15 5 17 74
15 5 18 89
15 5 19 106
15 6 0 116
15 6 1 97
15 6 2 80
15 6 3 65
15 6 4 52
15 6 5 41
15 6 6 32
15 6 7 25
15 6 8 20
15 6 9 17
15 6 10 16
15 6 11 17
15 6 12 20
15 6 13 25
15 6 14 32
15 6 15 41
15 6 16 52
15 6 17 65
15 6 18 80
15 6 19 97
15 7 0 109
15 7 1 90
15 7 2 73
15 7 3 58
15 7 4 45
15 7 5 34
15 7 6 25
15 7 7 18
15 7 8 13
15 7 9 10
15 7 10 9
15 7 11 10
15 7 12 13
15 7 13 18
15 7 14 25
15 7 15 34
15 7 16 45
15 7 17 58
15 7 18 73
15 7 19 90
15 8 0 104
15 8 1 85
15 8 2 68
15 8 3 53
15 8 4 40
15 8 5 29
15 8 6 20
15 8 7 13
15 8 8 8
15 8 9 5
15 8 10 4
15 8 11 5
15 8 12 8
15 8 13 13
15 8 14 20
15 8 15 29
15 8 16 40
15 8 17 53
15 8 18 68
15 8 19 85
15 9 0 101
15 9 1 82
15 9 2 65
15 9 3 50
15 9 4 37
15 9 5 26
15 9 6 17
15 9 7 10
15 9 8 5
15 9 9 2
15 9 10 1
15 9 11 2
15 9 12 5
15 9 13 10
15 9 14 17
15 9 15 26
15 9 16 37
15 9 17 50
15 9 18 65
15 9 19 82
15 10 0 100
15 10 1 81
15 10 2 64
15 10 3 49
15 10 4 36
15 10 5 25
15 10 6 16
15 10 7 9
15 10 8 4
15 10 9 1
15 10 10 0
15 10 11 1
15 10 12 4
15 10 13 9
15 10 14 16
15 10 15 25
15 10 16 36
15 10 17 49
15 10 18 64
15 10 19 81
15 11 0 101
15 11 1 82
15 11 2 65
15 11 3 50
15 11 4 37
15 11 5 26
15 11 6 17
15 11 7 10
15 11 8 5
15 11 9 2
15 11 10 1
15 11 11 2
15 11 12 5
15 11 13 10
15 11 14 17
15 11 15 26
15 11 16 37
15 11 17 50
15 11 18 65
15 11 19 82
15 12 0 104
15 12 1 85
15 12 2 68
15 12 3 53
15 12 4 40
15 12 5 29
15 12 6 20
15 12 7 13
15 12 8 8
15 12 9 5
15 12 10 4
15 12 11 5
15 12 12 8
15 12 13 13
15 12 14 20
15 12 15 29
15 12 16 40
15 12 17 53
15 12 18 68
15 12 19 85
15 13 0 109
15 13 1 90
15 13 2 73
15 13 3 58
15 13 4 45
15 13 5 34
15 13 6 25
15 13 7 18
15 13 8 13
15 13 9 10
15 13 10 9
15 13 11 10
15 13 12 13
15 13 13 18
15 13 14 25
15 13 15 34
15 13 16 45
15 13 17 58
15 13 18 73
15 13 19 90
15 14 0 116
15 14 1 97
15 14 2 80
15 14 3 65
15 14 4 52
15 14 5 41
15 14 6 32
15 14 7 25
15 14 8 20
15 14 9 17
15 14 10 16
15 14 11 17
15 14 12 20
15 14 13 25
15 14 14 32
15 14 15 41
15 14 16 52
15 14 17 65
15 14 18 80
15 14 19 97
15 15 0 125
15 15 1 106
15 15 2 89
15 15 3 74
15 15 4 61
15 15 5 50
15 15 6 41
15 15 7 34
15 15 8 29
15 15 9 26
15 15 10 25
15 15 11 26
15 15 12 29
15 15 13 34
15 15 14 41
15 15 15 50
15 15 16 61
15 15 17 74
15 15 18 89
15 15 19 106
15 16 0 136
15 16 1 117
15 16 2 100
15 16 3 85
15 16 4 72
15 16 5 61
15 16 6 52
15 16 7 45
15 16 8 40
15 16 9 37
15 16 10 36
15 16 11 37
15 16 12 40
15 16 13 45
15 16 14 52
15 16 15 61
15 16 16 72
15 16 17 85
15 16 18 100
15 16 19 117
15 17 0 149
15 17 1 130
15 17 2 113
15 17 3 98
15 17 4 85
15 17 5 74
15 17 6 65
15 17 7 58
15 17 8 53
15 17 9 50
15 17 10 49
15 17 11 50
15 17 12 53
15 17 13 58
15 17 14 65
15 17 15 74
15 17 16 85
15 17 17 98
15 17 18 113
15 17 19 130
15 18 0 164
15 18 1 145
15 18 2 128
15 18 3 113
15 18 4 100
15 18 5 89
15 18 6 80
15 18 7 73
15 18 8 68
15 18 9 65
15 18 10 64
15 18 11 65
15 18 12 68
15 18 13 73
15 18 14 80
15 18 15 89
15 18 16 100
15 18 17 113
15 18 18 128
15 18 19 145
15 19 0 181
15 19 1 162
15 19 2 145
15 19 3 130
15 19 4 117
15 19 5 106
15 19 6 97
15 19 7 90
15 19 8 85
15 19 9 82
15 19 10 81
15 19 11 82
15 19 12 85
15 19 13 90
15 19 14 97
15 19 15 106
15 19 16 117
15 19 17 130
15 19 18 145
15 19 19 162
16 0 0 211
16 0 1 192
16 0 2 175
16 0 3 160
16 0 4 147
16 0 5 136
16 0 6 127
16 0 7 120
16 0 8 115
16 0 9 112
16 0 10 111
16 0 11 112
16 0 12 115
16 0 13 120
16 0 14 127
16 0 15 136
16 0 16 147
16 0 17 160
16 0 18 175
16 0 19 192
16 1 0 192
16 1 1 173
16 1 2 156
16 1 3 141
16 1 4 128
16 1 5 117
16 1 6 108
16 1 7 101
16 1 8 96
16 1 9 93
16 1 10 92
16 1 11 93
16 1 12 96
16 1 13 101
16 1 14 108
16 1 15 117
16 1 16 128
16 1 17 141
16 1 18 156
16 1 19 173
16 2 0 175
16 2 1 156
16 2 2 139
16 2 3 124
16 2 4 111
16 2 5 100
16 2 6 91
16 2 7 84
16 2 8 79
16 2 9 76
16 2 10 75
16 2 11 76
16 2 12 79
16 2 13 84
16 2 14 91
16 2 15 100
16 2 16 111
16 2 17 124
16 2 18 139
16 2 19 156
16 3 0 160
16 3 1 141
16 3 2 124
16 3 3 109
16 3 4 96
16 3 5 85
16 3 6 76
16 3 7 69
16 3 8 64
16 3 9 61
16 3 10 60
16 3 11 61
16 3 12 64
16 3 13 69
16 3 14 76
16 3 15 85
16 3 16 96
16 3 17 109
16 3 18 124
16 3 19 141
16 4 0 147
16 4 1 128
16 4 2 111
16 4 3 96
16 4 4 83
16 4 5 72
16 4 6 63
16 4 7 56
16 4 8 51
16 4 9 48
16 4 10 47
16 4 11 48
16 4 12 51
16 4 13 56
16 4 14 63
16 4 15 72
16 4 16 83
16 4 17 96
16 4 18 111
16 4 19 128
16 5 0 136
16 5 1 117
16 5 2 100
16 5 3 85
16 5 4 72
16 5 5 61
16 5 6 52
16 5 7 45
16 5 8 40
16 5 9 37
16 5 10 36
16 5 11 37
16 5 12 40
16 5 13 45
16 5 14 52
16 5 15 61
16 5 16 72
16 5 17 85
16 5 18 100
16 5 19 117
16 6 0 127
16 6 1 108
16 6 2 91
16 6 3 76
16 6 4 63
16 6 5 52
16 6 6 43
16 6 7 36
16 6 8 31
16 6 9 28
16 6 10 27
16 6 11 28
16 6 12 31
16 6 13 36
16 6 14 43
16 6 15 52
16 6 16 63
16 6 17 76
16 6 18 91
16 6 19 108
16 7 0 120
16 7 1 101
16 7 2 84
16 7 3 69
16 7 4 56
16 7 5 45
16 7 6 36
16 7 7 29
16 7 8 24
16 7 9 21
16 7 10 20
16 7 11 21
16 7 12 24
16 7 13 29
16 7 14 36
16 7 15 45
16 7 16 56
16 7 17 69
16 7 18 84
16 7 19 101
16 8 0 115
16 8 1 96
16 8 2 79
16 8 3 64
16 8 4 51
16 8 5 40
16 8 6 31
16 8 7 24
16 8 8 19
16 8 9 16
16 8 10 15
16 8 11 16
16 8 12 19
16 8 13 24
16 8 14 31
16 8 15 40
16 8 16 51
16 8 17 64
16 8 18 79
16 8 19 96
16 9 0 112
16 9 1 93
16 9 2 76
16 9 3 61
16 9 4 48
16 9 5 37
16 9 6 28
16 9 7 21
16 9 8 16
16 9 9 13
16 9 10 12
16 9 11 13
16 9 12 16
16 9 13 21
16 9 14 28
16 9 15 37
16 9 16 48
16 9 17 61
16 9 18 76
16 9 19 93
16 10 0 111
16 10 1 92
16 10 2 75
16 10 3 60
16 10 4 47
16 10 5 36
16 10 6 27
16 10 7 20
16 10 8 15
16 10 9 12
16 10 10 11
16 10 11 12
16 10 12 15
16 10 13 20
16 10 14 27
16 10 15 36
16 10 16 47
16 10 17 60
16 10 18 75
16 10 19 92
16 11 0 112
16 11 1 93
16 11 2 76
16 11 3 61
16 11 4 48
16 11 5 37
16 11 6 28
16 11 7 21
16 11 8 16
16 11 9 13
16 11 10 12
16 11 11 13
16 11 12 16
16 11 13 21
16 11 14 28
16 11 15 37
16 11 16 48
16 11 17 61
16 11 18 76
16 11 19 93
16 12 0 115
16 12 1 96
16 12 2 79
16 12 3 64
16 12 4 51
16 12 5 40
16 12 6 31
16 12 7 24
16 12 8 19
16 12 9 16
16 12 10 15
16 12 11 16
16 12 12 19
16 12 13 24
16 12 14 31
16 12 15 40
16 12 16 51
16 12 17 64
16 12 18 79
16 12 19 96
16 13 0 120
16 13 1 101
16 13 2 84
16 13 3 69
16 13 4 56
16 13 5 45
16 13 6 36
16 13 7 29
16 13 8 24
16 13 9 21
16 13 10 20
16 13 11 21
16 13 12 24
16 13 13 29
16 13 14 36
16 13 15 45
16 13 16 56
16 13 17 69
16 13 18 84
16 13 19 101
16 14 0 127
16 14 1 108
16 14 2 91
16 14 3 76
16 14 4 63
16 14 5 52
16 14 6 43
16 14 7 36
16 14 8 31
16 14 9 28
16 14 10 27
16 14 11 28
16 14 12 31
16 14 13 36
16 14 14 43
16 14 15 52
16 14 16 63
16 14 17 76
16 14 18 91
16 14 19 108
16 15 0 136
16 15 1 117
16 15 2 100
16 15 3 85
16 15 4 72
16 15 5 61
16 15 6 52
16 15 7 45
16 15 8 40
16 15 9 37
16 15 10 36
16 15 11 37
16 15 12 40
16 15 13 45
16 15 14 52
16 15 15 61
16 15 16 72
16 15 17 85
16 15 18 100
16 15 19 117
16 16 0 147
16 16 1 128
16 16 2 111
16 16 3 96
16 16 4 83
16 16 5 72
16 16 6 63
16 16 7 56
16 16 8 51
16 16 9 48
16 16 10 47
16 16 11 48
16 16 12 51
16 16 13 56
16 16 14 63
16 16 15 72
16 16 16 83
16 16 17 96
16 16 18 111
16 16 19 128
16 17 0 160
16 17 1 141
16 17 2 124
16 17 3 109
16 17 4 96
16 17 5 85
16 17 6 76
16 17 7 69
16 17 8 64
16 17 9 61
16 17 10 60
16 17 11 61
16 17 12 64
16 17 13 69
16 17 14 76
16 17 15 85
16 17 16 96
16 17 17 109
16 17 18 124
16 17 19 141
16 18 0 175
16 18 1 156
16 18 2 139
16 18 3 124
16 18 4 111
16 18 5 100
16 18 6 91
16 18 7 84
16 18 8 79
16 18 9 76
16 18 10 75
16 18 11 76
16 18 12 79
16 18 13 84
16 18 14 91
16 18 15 100
16 18 16 111
16 18 17 124
16 18 18 139
16 18 19 156
16 19 0 192
16 19 1 173
16 19 2 156
16 19 3 141
16 19 4 128
16 19 5 117
16 19 6 108
16 19 7 101
16 19 8 96
16 19 9 93
16 19 10 92
16 19 11 93
16 19 12 96
16 19 13 101
16 19 14 108
16 19 15 117
16 19 16 128
16 19 17 141
16 19 18 156
16 19 19 173
17 0 0 224
17 0 1 205
17 0 2 188
17 0 3 173
17 0 4 160
17 0 5 149
17 0 6 140
17 0 7 133
17 0 8 128
17 0 9 125
17 0 10 124
17 0 11 125
17 0 12 128
17 0 13 133
17 0 14 140
17 0 15 149
17 0 16 160
17 0 17 173
17 0 18 188
17 0 19 205
17 1 0 205
17 1 1 186
17 1 2 169
17 1 3 154
17 1 4 141
17 1 5 130
17 1 6 121
17 1 7 114
17 1 8 109
17 1 9 106
17 1 10 105
17 1 11 106
17 1 12 109
17 1 13 114
17 1 14 121
17 1 15 130
17 1 16 141
17 1 17 154
17 1 18 169
17 1 19 186
17 2 0 188
17 2 1 169
17 2 2 152
17 2 3 137
17 2 4 124
17 2 5 113
17 2 6 104
17 2 7 97
17 2 8 92
17 2 9 89
17 2 10 88
17 2 11 89
17 2 12 92
17 2 13 97
17 2 14 104
17 2 15 113
17 2 16 124
17 2 17 137
17 2 18 152
17 2 19 169
17 3 0 173
17 3 1 154
17 3 2 137
17 3 3 122
17 3 4 109
17 3 5 98
17 3 6 89
17 3 7 82
17 3 8 77
17 3 9 74
17 3 10 73
17 3 11 74
17 3 12 77
17 3 13 82
17 3 14 89
17 3 15 98
17 3 16 109
17 3 17 122
17 3 18 137
17 3 19 154
17 4 0 160
17 4 1 141
17 4 2 124
17 4 3 109
17 4 4 96
17 4 5 85
17 4 6 76
17 4 7 69
17 4 8 64
17 4 9 61
17 4 10 60
17 4 11 61
17 4 12 64
17 4 13 69
17 4 14 76
17 4 15 85
17 4 16 96
17 4 17 109
17 4 18 124
17 4 19 141
17 5 0 149
17 5 1 130
17 5 2 113
17 5 3 98
17 5 4 85
17 5 5 74
17 5 6 65
17 5 7 58
17 5 8 53
17 5 9 50
17 5 10 49
17 5 11 50
17 5 12 53
17 5 13 58
17 5 14 65
17 5 15 74
17 5 16 85
17 5 17 98
17 5 18 113
17 5 19 130
17 6 0 140
17 6 1 121
17 6 2 104
17 6 3 89
17 6 4 76
17 6 5 65
17 6 6 56
17 6 7 49
17 6 8 44
17 6 9 41
17 6 10 40
17 6 11 41
17 6 12 44
17 6 13 49
17 6 14 56
17 6 15 65
17 6 16 76
17 6 17 89
17 6 18 104
17 6 19 121
17 7 0 133
17 7 1 114
17 7 2 97
17 7 3 82
17 7 4 69
17 7 5 58
17 7 6 49
17 7 7 42
17 7 8 37
17 7 9 34
17 7 10 33
17 7 11 34
17 7 12 37
17 7 13 42
17 7 14 49
17 7 15 58
17 7 16 69
17 7 17 82
17 7 18 97
17 7 19 114
17 8 0 128
17 8 1 109
17 8 2 92
17 8 3 77
17 8 4 64
17 8 5 53
17 8 6 44
17 8 7 37
17 8 8 32
17 8 9 29
17 8 10 28
17 8 11 29
17 8 12 32
17 8 13 37
17 8 14 44
17 8 15 53
17 8 16 64
17 8 17 77
17 8 18 92
17 8 19 109
17 9 0 125
17 9 1 106
17 9 2 89
17 9 3 74
17 9 4 61
17 9 5 50
17 9 6 41
17 9 7 34
17 9 8 29
17 9 9 26
17 9 10 25
17 9 11 26
17 9 12 29
17 9 13 34
17 9 14 41
17 9 15 50
17 9 16 61
17 9 17 74
17 9 18 89
17 9 19 106
17 10 0 124
17 10 1 105
17 10 2 88
17 10 3 73
17 10 4 60
17 10 5 49
17 10 6 40
17 10 7 33
17 10 8 28
17 10 9 25
17 10 10 24
17 10 11 25
17 10 12 28
17 10 13 33
17 10 14 40
17 10 15 49
17 10 16 60
17 10 17 73
17 10 18 88
17 10 19 105
17 11 0 125
17 11 1 106
17 11 2 89
17 11 3 74
17 11 4 61
17 11 5 50
17 11 6 41
17 11 7 34
17 11 8 29
17 11 9 26
17 11 10 25
17 11 11 26
17 11 12 29
17 11 13 34
17 11 14 41
17 11 15 50
17 11 16 61
17 11 17 74
17 11 18 89
17 11 19 106
17 12 0 128
17 12 1 109
17 12 2 92
17 12 3 77
17 12 4 64
17 12 5 53
17 12 6 44
17 12 7 37
17 12 8 32
17 12 9 29
17 12 10 28
17 12 11 29
17 12 12 32
17 12 13 37
17 12 14 44
17 12 15 53
17 12 16 64
17 12 17 77
17 12 18 92
17 12 19 109
17 13 0 133
17 13 1 114
17 13 2 97
17 13 3 82
17 13 4 69
17 13 5 58
17 13 6 49
17 13 7 42
17 13 8 37
17 13 9 34
17 13 10 33
17 13 11 34
17 13 12 37
17 13 13 42
17 13 14 49
17 13 15 58
17 13 16 69
17 13 17 82
17 13 18 97
17 13 19 114
17 14 0 140
17 14 1 121
17 14 2 104
17 14 3 89
17 14 4 76
17 14 5 65
17 14 6 56
17 14 7 49
17 14 8 44
17 14 9 41
17 14 10 40
17 14 11 41
17 14 12 44
17 14 13 49
17 14 14 56
17 14 15 65
17 14 16 76
17 14 17 89
17 14 18 104
17 14 19 121
17 15 0 149
17 15 1 130
17 15 2 113
17 15 3 98
17 15 4 85
17 15 5 74
17 15 6 65
17 15 7 58
17 15 8 53
17 15 9 50
17 15 10 49
17 15 11 50
17 15 12 53
17 15 13 58
17 15 14 65
17 15 15 74
17 15 16 85
17 15 17 98
17 15 18 113
17 15 19 130
17 16 0 160
17 16 1 141
17 16 2 124
17 16 3 109
17 16 4 96
17 16 5 85
17 16 6 76
17 16 7 69
17 16 8 64
17 16 9 61
17 16 10 60
17 16 11 61
17 16 12 64
17 16 13 69
17 16 14 76
17 16 15 85
17 16 16 96
17 16 17 109
17 16 18 124
17 16 19 141
17 17 0 173
17 17 1 154
17 17 2 137
17 17 3 122
17 17 4 109
17 17 5 98
17 17 6 89
17 17 7 82
17 17 8 77
17 17 9 74
17 17 10 73
17 17 11 74
17 17 12 77
17 17 13 82
17 17 14 89
17 17 15 98
17 17 16 109
17 17 17 122
17 17 18 137
17 17 19 154
17 18 0 188
17 18 1 169
17 18 2 152
17 18 3 137
17 18 4 124
17 18 5 113
17 18 6 104
17 18 7 97
17 18 8 92
17 18 9 89
17 18 10 88
17 18 11 89
17 18 12 92
17 18 13 97
17 18 14 104
17 18 15 113
17 18 16 124
17 18 17 137
17 18 18 152
17 18 19 169
17 19 0 205
17 19 1 186
17 19 2 169
17 19 3 154
17 19 4 141
17 19 5 130
17 19 6 121
17 19 7 114
17 19 8 109
17 19 9 106
17 19 10 105
17 19 11 106
17 19 12 109
17 19 13 114
17 19 14 121
17 19 15 130
17 19 16 141
17 19 17 154
17 19 18 169
17 19 19 186
18 0 0 239
18 0 1 220
18 0 2 203
18 0 3 188
18 0 4 175
18 0 5 164
18 0 6 155
18 0 7 148
18 0 8 143
18 0 9 140
18 0 10 139
18 0 11 140
18 0 12 143
18 0 13 148
18 0 14 155
18 0 15 164
18 0 16 175
18 0 17 188
18 0 18 203
18 0 19 220
18 1 0 220
18 1 1 201
18 1 2 184
18 1 3 169
18 1 4 156
18 1 5 145
18 1 6 136
18 1 7 129
18 1 8 124
18 1 9 121
18 1 10 120
18 1 11 121
18 1 12 124
18 1 13 129
18 1 14 136
18 1 15 145
18 1 16 156
18 1 17 169
18 1 18 184
18 1 19 201
18 2 0 203
18 2 1 184
18 2 2 167
18 2 3 152
18 2 4 139
18 2 5 128
18 2 6 119
18 2 7 112
18 2 8 107
18 2 9 104
18 2 10 103
18 2 11 104
18 2 12 107
18 2 13 112
18 2 14 119
18 2 15 128
18 2 16 139
18 2 17 152
18 2 18 167
18 2 19 184
18 3 0 188
18 3 1 169
18 3 2 152
18 3 3 137
18 3 4 124
18 3 5 113
18 3 6 104
18 3 7 97
18 3 8 92
18 3 9 89
18 3 10 88
18 3 11 89
18 3 12 92
18 3 13 97
18 3 14 104
18 3 15 113
18 3 16 124
18 3 17 137
18 3 18 152
18 3 19 169
18 4 0 175
18 4 1 156
18 4 2 139
18 4 3 124
18 4 4 111
18 4 5 100
18 4 6 91
18 4 7 84
18 4 8 79
18 4 9 76
18 4 10 75
18 4 11 76
18 4 12 79
18 4 13 84
18 4 14 91
18 4 15 100
18 4 16 111
18 4 17 124
18 4 18 139
18 4 19 156
18 5 0 164
18 5 1 145
18 5 2 128
18 5 3 113
18 5 4 100
18 5 5 89
18 5 6 80
18 5 7 73
18 5 8 68
18 5 9 65
18 5 10 64
18 5 11 65
18 5 12 68
18 5 13 73
18 5 14 80
18 5 15 89
18 5 16 100
18 5 17 113
18 5 18 128
18 5 19 145
18 6 0 155
18 6 1 136
18 6 2 119
18 6 3 104
18 6 4 91
18 6 5 80
18 6 6 71
18 6 7 64
18 6 8 59
18 6 9 56
18 6 10 55
18 6 11 56
18 6 12 59
18 6 13 64
18 6 14 71
18 6 15 80
18 6 16 91
18 6 17 104
18 6 18 119
18 6 19 136
18 7 0 148
18 7 1 129
18 7 2 112
18 7 3 97
18 7 4 84
18 7 5 73
18 7 6 64
18 7 7 57
18 7 8 52
18 7 9 49
18 7 10 48
18 7 11 49
18 7 12 52
18 7 13 57
18 7 14 64
18 7 15 73
18 7 16 84
18 7 17 97
18 7 18 112
18 7 19 129
18 8 0 143
18 8 1 124
18 8 2 107
18 8 3 92
18 8 4 79
18 8 5 68
18 8 6 59
18 8 7 52
18 8 8 47
18 8 9 44
18 8 10 43
18 8 11 44
18 8 12 47
18 8 13 52
18 8 14 59
18 8 15 68
18 8 16 79
18 8 17 92
18 8 18 107
18 8 19 124
18 9 0 140
18 9 1 121
18 9 2 104
18 9 3 89
18 9 4 76
18 9 5 65
18 9 6 56
18 9 7 49
18 9 8 44
18 9 9 41
18 9 10 40
18 9 11 41
18 9 12 44
18 9 13 49
18 9 14 56
18 9 15 65
18 9 16 76
18 9 17 89
18 9 18 104
18 9 19 121
18 10 0 139
18 10 1 120
18 10 2 103
18 10 3 88
18 10 4 75
18 10 5 64
18 10 6 55
18 10 7 48
18 10 8 43
18 10 9 40
18 10 10 39
18 10 11 40
18 10 12 43
18 10 13 48
18 10 14 55
18 10 15 64
18 10 16 75
18 10 17 88
18 10 18 103
18 10 19 120
18 11 0 140
18 11 1 121
18 11 2 104
18 11 3 89
18 11 4 76
18 11 5 65
18 11 6 56
18 11 7 49
18 11 8 44
18 11 9 41
18 11 10 40
18 11 11 41
18 11 12 44
18 11 13 49
18 11 14 56
18 11 15 65
18 11 16 76
18 11 17 89
18 11 18 104
18 11 19 121
18 12 0 143
18 12 1 124
18 12 2 107
18 12 3 92
18 12 4 79
18 12 5 68
18 12 6 59
18 12 7 52
18 12 8 47
18 12 9 44
18 12 10 43
18 12 11 44
18 12 12 47
18 12 13 52
18 12 14 59
18 12 15 68
18 12 16 79
18 12 17 92
18 12 18 107
18 12 19 124
18 13 0 148
18 13 1 129
18 13 2 112
18 13 3 97
18 13 4 84
18 13 5 73
18 13 6 64
18 13 7 57
18 13 8 52
18 13 9 49
18 13 10 48
18 13 11 49
18 13 12 52
18 13 13 57
18 13 14 64
18 13 15 73
18 13 16 84
18 13 17 97
18 13 18 112
18 13 19 129
18 14 0 155
18 14 1 136
18 14 2 119
18 14 3 104
18 14 4 91
18 14 5 80
18 14 6 71
18 14 7 64
18 14 8 59
18 14 9 56
18 14 10 55
18 14 11 56
18 14 12 59
18 14 13 64
18 14 14 71
18 14 15 80
18 14 16 91
18 14 17 104
18 14 18 119
18 14 19 136
18 15 0 164
18 15 1 145
18 15 2 128
18 15 3 113
18 15 4 100
18 15 5 89
18 15 6 80
18 15 7 73
18 15 8 68
18 15 9 65
18 15 10 64
18 15 11 65
18 15 12 68
18 15 13 73
18 15 14 80
18 15 15 89
18 15 16 100
18 15 17 113
18 15 18 128
18 15 19 145
18 16 0 175
18 16 1 156
18 16 2 139
18 16 3 124
18 16 4 111
18 16 5 100
18 16 6 91
18 16 7 84
18 16 8 79
18 16 9 76
18 16 10 75
18 16 11 76
18 16 12 79
18 16 13 84
18 16 14 91
18 16 15 100
18 16 16 111
18 16 17 124
18 16 18 139
18 16 19 156
18 17 0 188
18 17 1 169
18 17 2 152
18 17 3 137
18 17 4 124
18 17 5 113
18 17 6 104
18 17 7 97
18 17 8 92
18 17 9 89
18 17 10 88
18 17 11 89
18 17 12 92
18 17 13 97
18 17 14 104
18 17 15 113
18 17 16 124
18 17 17 137
18 17 18 152
18 17 19 169
18 18 0 203
18 18 1 184
18 18 2 167
18 18 3 152
18 18 4 139
18 18 5 128
18 18 6 119
18 18 7 112
18 18 8 107
18 18 9 104
18 18 10 103
18 18 11 104
18 18 12 107
18 18 13 112
18 18 14 119
18 18 15 128
18 18 16 139
18 18 17 152
18 18 18 167
18 18 19 184
18 19 0 220
18 19 1 201
18 19 2 184
18 19 3 169
18 19 4 156
18 19 5 145
18 19 6 136
18 19 7 129
18 19 8 124
18 19 9 121
18 19 10 120
18 19 11 121
18 19 12 124
18 19 13 129
18 19 14 136
18 19 15 145
18 19 16 156
18 19 17 169
18 19 18 184
18 19 19 201
19 0 0 256
19 0 1 237
19 0 2 220
19 0 3 205
19 0 4 192
19 0 5 181
19 0 6 172
19 0 7 165
19 0 8 160
19 0 9 157
19 0 10 156
19 0 11 157
19 0 12 160
19 0 13 165
19 0 14 172
19 0 15 181
19 0 16 192
19 0 17 205
19 0 18 220
19 0 19 237
19 1 0 237
19 1 1 218
19 1 2 201
19 1 3 186
19 1 4 173
19 1 5 162
19 1 6 153
19 1 7 146
19 1 8 141
19 1 9 138
19 1 10 137
19 1 11 138
19 1 12 141
19 1 13 146
19 1 14 153
19 1 15 162
19 1 16 173
19 1 17 186
19 1 18 201
19 1 19 218
19 2 0 220
19 2 1 201
19 2 2 184
19 2 3 169
19 2 4 156
19 2 5 145
19 2 6 136
19 2 7 129
19 2 8 124
19 2 9 121
19 2 10 120
19 2 11 121
19 2 12 124
19 2 13 129
19 2 14 136
19 2 15 145
19 2 16 156
19 2 17 169
19 2 18 184
19 2 19 201
19 3 0 205
19 3 1 186
19 3 2 169
19 3 3 154
19 3 4 141
19 3 5 130
19 3 6 121
19 3 7 114
19 3 8 109
19 3 9 106
19 3 10 105
19 3 11 106
19 3 12 109
19 3 13 114
19 3 14 121
19 3 15 130
19 3 16 141
19 3 17 154
19 3 18 169
19 3 19 186
19 4 0 192
19 4 1 173
19 4 2 156
19 4 3 141
19 4 4 128
19 4 5 117
19 4 6 108
19 4 7 101
19 4 8 96
19 4 9 93
19 4 10 92
19 4 11 93
19 4 12 96
19 4 13 101
19 4 14 108
19 4 15 117
19 4 16 128
19 4 17 141
19 4 18 156
19 4 19 173
19 5 0 181
19 5 1 162
19 5 2 145
19 5 3 130
19 5 4 117
19 5 5 106
19 5 6 97
19 5 7 90
19 5 8 85
19 5 9 82
19 5 10 81
19 5 11 82
19 5 12 85
19 5 13 90
19 5 14 97
19 5 15 106
19 5 16 117
19 5 17 130
19 5 18 145
19 5 19 162
19 6 0 172
19 6 1 153
19 6 2 136
19 6 3 121
19 6 4 108
19 6 5 97
19 6 6 88
19 6 7 81
19 6 8 76
19 6 9 73
19 6 10 72
19 6 11 73
19 6 12 76
19 6 13 81
19 6 14 88
19 6 15 97
19 6 16 108
19 6 17 121
19 6 18 136
19 6 19 153
19 7 0 165
19 7 1 146
19 7 2 129
19 7 3 114
19 7 4 101
19 7 5 90
19 7 6 81
19 7 7 74
19 7 8 69
19 7 9 66
19 7 10 65
19 7 11 66
19 7 12 69
19 7 13 74
19 7 14 81
19 7 15 90
19 7 16 101
19 7 17 114
19 7 18 129
19 7 19 146
19 8 0 160
19 8 1 141
19 8 2 124
19 8 3 109
19 8 4 96
19 8 5 85
19 8 6 76
19 8 7 69
19 8 8 64
19 8 9 61
19 8 10 60
19 8 11 61
19 8 12 64
19 8 13 69
19 8 14 76
19 8 15 85
19 8 16 96
19 8 17 109
19 8 18 124
19 8 19 141
19 9 0 157
19 9 1 138
19 9 2 121
19 9 3 106
19 9 4 93
19 9 5 82
19 9 6 73
19 9 7 66
19 9 8 61
19 9 9 58
19 9 10 57
19 9 11 58
19 9 12 61
19 9 13 66
19 9 14 73
19 9 15 82
19 9 16 93
19 9 17 106
19 9 18 121
19 9 19 138
19 10 0 156
19 10 1 137
19 10 2 120
19 10 3 105
19 10 4 92
19 10 5 81
19 10 6 72
19 10 7 65
19 10 8 60
19 10 9 57
19 10 10 56
19 10 11 57
19 10 12 60
19 10 13 65
19 10 14 72
19 10 15 81
19 10 16 92
19 10 17 105
19 10 18 120
19 10 19 137
19 11 0 157
19 11 1 138
19 11 2 121
19 11 3 106
19 11 4 93
19 11 5 82
19 11 6 73
19 11 7 66
19 11 8 61
19 11 9 58
19 11 10 57
19 11 11 58
19 11 12 61
19 11 13 66
19 11 14 73
19 11 15 82
19 11 16 93
19 11 17 106
19 11 18 121
19 11 19 138
19 12 0 160
19 12 1 141
19 12 2 124
19 12 3 109
19 12 4 96
19 12 5 85
19 12 6 76
19 12 7 69
19 12 8 64
19 12 9 61
19 12 10 60
19 12 11 61
19 12 12 64
19 12 13 69
19 12 14 76
19 12 15 85
19 12 16 96
19 12 17 109
19 12 18 124
19 12 19 141
19 13 0 165
19 13 1 146
19 13 2 129
19 13 3 114
19 13 4 101
19 13 5 90
19 13 6 81
19 13 7 74
19 13 8 69
19 13 9 66
19 13 10 65
19 13 11 66
19 13 12 69
19 13 13 74
19 13 14 81
19 13 15 90
19 13 16 101
19 13 17 114
19 13 18 129
19 13 19 146
19 14 0 172
19 14 1 153
19 14 2 136
19 14 3 121
19 14 4 108
19 14 5 97
19 14 6 88
19 14 7 81
19 14 8 76
19 14 9 73
19 14 10 72
19 14 11 73
19 14 12 76
19 14 13 81
19 14 14 88
19 14 15 97
19 14 16 108
19 14 17 121
19 14 18 136
19 14 19 153
19 15 0 181
19 15 1 162
19 15 2 145
19 15 3 130
19 15 4 117
19 15 5 106
19 15 6 97
19 15 7 90
19 15 8 85
19 15 9 82
19 15 10 81
19 15 11 82
19 15 12 85
19 15 13 90
19 15 14 97
19 15 15 106
19 15 16 117
19 15 17 130
19 15 18 145
19 15 19 162
19 16 0 192
19 16 1 173
19 16 2 156
19 16 3 141
19 16 4 128
19 16 5 117
19 16 6 108
19 16 7 101
19 16 8 96
19 16 9 93
19 16 10 92
19 16 11 93
19 16 12 96
19 16 13 101
19 16 14 108
19 16 15 117
19 16 16 128
19 16 17 141
19 16 18 156
19 16 19 173
19 17 0 205
19 17 1 186
19 17 2 169
19 17 3 154
19 17 4 141
19 17 5 130
19 17 6 121
19 17 7 114
19 17 8 109
19 17 9 106
19 17 10 105
19 17 11 106
19 17 12 109
19 17 13 114
19 17 14 121
19 17 15 130
19 17 16 141
19 17 17 154
19 17 18 169
19 17 19 186
19 18 0 220
19 18 1 201
19 18 2 184
19 18 3 169
19 18 4 156
19 18 5 145
19 18 6 136
19 18 7 129
19 18 8 124
19 18 9 121
19 18 10 120
19 18 11 121
19 18 12 124
19 18 13 129
19 18 14 136
19 18 15 145
19 18 16 156
19 18 17 169
19 18 18 184
19 18 19 201
19 19 0 237
19 19 1 218
19 19 2 201
19 19 3 186
19 19 4 173
19 19 5 162
19 19 6 153
19 19 7 146
19 19 8 141
19 19 9 138
19 19 10 137
19 19 11 138
19 19 12 141
19 19 13 146
19 19 14 153
19 19 15 162
19 19 16 173
19 19 17 186
19 19 18 201
19 19 19 218
